0	1	22	21	42	43	64	63
1	2	23	22	43	44	65	64
2	3	24	23	44	45	66	65
3	4	25	24	45	46	67	66
4	5	26	25	46	47	68	67
5	6	27	26	47	48	69	68
6	7	28	27	48	49	70	69
7	8	29	28	49	50	71	70
8	9	30	29	50	51	72	71
9	10	31	30	51	52	73	72
10	11	32	31	52	53	74	73
11	12	33	32	53	54	75	74
12	13	34	33	54	55	76	75
13	14	35	34	55	56	77	76
14	15	36	35	56	57	78	77
15	16	37	36	57	58	79	78
16	17	38	37	58	59	80	79
17	18	39	38	59	60	81	80
18	19	40	39	60	61	82	81
19	20	41	40	61	62	83	82
42	43	64	63	84	85	106	105
43	44	65	64	85	86	107	106
44	45	66	65	86	87	108	107
45	46	67	66	87	88	109	108
46	47	68	67	88	89	110	109
47	48	69	68	89	90	111	110
48	49	70	69	90	91	112	111
49	50	71	70	91	92	113	112
50	51	72	71	92	93	114	113
51	52	73	72	93	94	115	114
52	53	74	73	94	95	116	115
53	54	75	74	95	96	117	116
54	55	76	75	96	97	118	117
55	56	77	76	97	98	119	118
56	57	78	77	98	99	120	119
57	58	79	78	99	100	121	120
58	59	80	79	100	101	122	121
59	60	81	80	101	102	123	122
60	61	82	81	102	103	124	123
61	62	83	82	103	104	125	124
84	85	106	105	126	127	148	147
85	86	107	106	127	128	149	148
86	87	108	107	128	129	150	149
87	88	109	108	129	130	151	150
88	89	110	109	130	131	152	151
89	90	111	110	131	132	153	152
90	91	112	111	132	133	154	153
91	92	113	112	133	134	155	154
92	93	114	113	134	135	156	155
93	94	115	114	135	136	157	156
94	95	116	115	136	137	158	157
95	96	117	116	137	138	159	158
96	97	118	117	138	139	160	159
97	98	119	118	139	140	161	160
98	99	120	119	140	141	162	161
99	100	121	120	141	142	163	162
100	101	122	121	142	143	164	163
101	102	123	122	143	144	165	164
102	103	124	123	144	145	166	165
103	104	125	124	145	146	167	166
126	127	148	147	168	169	190	189
127	128	149	148	169	170	191	190
128	129	150	149	170	171	192	191
129	130	151	150	171	172	193	192
130	131	152	151	172	173	194	193
131	132	153	152	173	174	195	194
132	133	154	153	174	175	196	195
133	134	155	154	175	176	197	196
134	135	156	155	176	177	198	197
135	136	157	156	177	178	199	198
136	137	158	157	178	179	200	199
137	138	159	158	179	180	201	200
138	139	160	159	180	181	202	201
139	140	161	160	181	182	203	202
140	141	162	161	182	183	204	203
141	142	163	162	183	184	205	204
142	143	164	163	184	185	206	205
143	144	165	164	185	186	207	206
144	145	166	165	186	187	208	207
145	146	167	166	187	188	209	208
168	169	190	189	210	211	232	231
169	170	191	190	211	212	233	232
170	171	192	191	212	213	234	233
171	172	193	192	213	214	235	234
172	173	194	193	214	215	236	235
173	174	195	194	215	216	237	236
174	175	196	195	216	217	238	237
175	176	197	196	217	218	239	238
176	177	198	197	218	219	240	239
177	178	199	198	219	220	241	240
178	179	200	199	220	221	242	241
179	180	201	200	221	222	243	242
180	181	202	201	222	223	244	243
181	182	203	202	223	224	245	244
182	183	204	203	224	225	246	245
183	184	205	204	225	226	247	246
184	185	206	205	226	227	248	247
185	186	207	206	227	228	249	248
186	187	208	207	228	229	250	249
187	188	209	208	229	230	251	250
210	211	232	231	252	253	274	273
211	212	233	232	253	254	275	274
212	213	234	233	254	255	276	275
213	214	235	234	255	256	277	276
214	215	236	235	256	257	278	277
215	216	237	236	257	258	279	278
216	217	238	237	258	259	280	279
217	218	239	238	259	260	281	280
218	219	240	239	260	261	282	281
219	220	241	240	261	262	283	282
220	221	242	241	262	263	284	283
221	222	243	242	263	264	285	284
222	223	244	243	264	265	286	285
223	224	245	244	265	266	287	286
224	225	246	245	266	267	288	287
225	226	247	246	267	268	289	288
226	227	248	247	268	269	290	289
227	228	249	248	269	270	291	290
228	229	250	249	270	271	292	291
229	230	251	250	271	272	293	292
252	253	274	273	294	295	316	315
253	254	275	274	295	296	317	316
254	255	276	275	296	297	318	317
255	256	277	276	297	298	319	318
256	257	278	277	298	299	320	319
257	258	279	278	299	300	321	320
258	259	280	279	300	301	322	321
259	260	281	280	301	302	323	322
260	261	282	281	302	303	324	323
261	262	283	282	303	304	325	324
262	263	284	283	304	305	326	325
263	264	285	284	305	306	327	326
264	265	286	285	306	307	328	327
265	266	287	286	307	308	329	328
266	267	288	287	308	309	330	329
267	268	289	288	309	310	331	330
268	269	290	289	310	311	332	331
269	270	291	290	311	312	333	332
270	271	292	291	312	313	334	333
271	272	293	292	313	314	335	334
294	295	316	315	336	337	358	357
295	296	317	316	337	338	359	358
296	297	318	317	338	339	360	359
297	298	319	318	339	340	361	360
298	299	320	319	340	341	362	361
299	300	321	320	341	342	363	362
300	301	322	321	342	343	364	363
301	302	323	322	343	344	365	364
302	303	324	323	344	345	366	365
303	304	325	324	345	346	367	366
304	305	326	325	346	347	368	367
305	306	327	326	347	348	369	368
306	307	328	327	348	349	370	369
307	308	329	328	349	350	371	370
308	309	330	329	350	351	372	371
309	310	331	330	351	352	373	372
310	311	332	331	352	353	374	373
311	312	333	332	353	354	375	374
312	313	334	333	354	355	376	375
313	314	335	334	355	356	377	376
336	337	358	357	378	379	400	399
337	338	359	358	379	380	401	400
338	339	360	359	380	381	402	401
339	340	361	360	381	382	403	402
340	341	362	361	382	383	404	403
341	342	363	362	383	384	405	404
342	343	364	363	384	385	406	405
343	344	365	364	385	386	407	406
344	345	366	365	386	387	408	407
345	346	367	366	387	388	409	408
346	347	368	367	388	389	410	409
347	348	369	368	389	390	411	410
348	349	370	369	390	391	412	411
349	350	371	370	391	392	413	412
350	351	372	371	392	393	414	413
351	352	373	372	393	394	415	414
352	353	374	373	394	395	416	415
353	354	375	374	395	396	417	416
354	355	376	375	396	397	418	417
355	356	377	376	397	398	419	418
378	379	400	399	420	421	442	441
379	380	401	400	421	422	443	442
380	381	402	401	422	423	444	443
381	382	403	402	423	424	445	444
382	383	404	403	424	425	446	445
383	384	405	404	425	426	447	446
384	385	406	405	426	427	448	447
385	386	407	406	427	428	449	448
386	387	408	407	428	429	450	449
387	388	409	408	429	430	451	450
388	389	410	409	430	431	452	451
389	390	411	410	431	432	453	452
390	391	412	411	432	433	454	453
391	392	413	412	433	434	455	454
392	393	414	413	434	435	456	455
393	394	415	414	435	436	457	456
394	395	416	415	436	437	458	457
395	396	417	416	437	438	459	458
396	397	418	417	438	439	460	459
397	398	419	418	439	440	461	460
420	421	442	441	462	463	484	483
421	422	443	442	463	464	485	484
422	423	444	443	464	465	486	485
423	424	445	444	465	466	487	486
424	425	446	445	466	467	488	487
425	426	447	446	467	468	489	488
426	427	448	447	468	469	490	489
427	428	449	448	469	470	491	490
428	429	450	449	470	471	492	491
429	430	451	450	471	472	493	492
430	431	452	451	472	473	494	493
431	432	453	452	473	474	495	494
432	433	454	453	474	475	496	495
433	434	455	454	475	476	497	496
434	435	456	455	476	477	498	497
435	436	457	456	477	478	499	498
436	437	458	457	478	479	500	499
437	438	459	458	479	480	501	500
438	439	460	459	480	481	502	501
439	440	461	460	481	482	503	502
462	463	484	483	504	505	526	525
463	464	485	484	505	506	527	526
464	465	486	485	506	507	528	527
465	466	487	486	507	508	529	528
466	467	488	487	508	509	530	529
467	468	489	488	509	510	531	530
468	469	490	489	510	511	532	531
469	470	491	490	511	512	533	532
470	471	492	491	512	513	534	533
471	472	493	492	513	514	535	534
472	473	494	493	514	515	536	535
473	474	495	494	515	516	537	536
474	475	496	495	516	517	538	537
475	476	497	496	517	518	539	538
476	477	498	497	518	519	540	539
477	478	499	498	519	520	541	540
478	479	500	499	520	521	542	541
479	480	501	500	521	522	543	542
480	481	502	501	522	523	544	543
481	482	503	502	523	524	545	544
504	505	526	525	546	547	568	567
505	506	527	526	547	548	569	568
506	507	528	527	548	549	570	569
507	508	529	528	549	550	571	570
508	509	530	529	550	551	572	571
509	510	531	530	551	552	573	572
510	511	532	531	552	553	574	573
511	512	533	532	553	554	575	574
512	513	534	533	554	555	576	575
513	514	535	534	555	556	577	576
514	515	536	535	556	557	578	577
515	516	537	536	557	558	579	578
516	517	538	537	558	559	580	579
517	518	539	538	559	560	581	580
518	519	540	539	560	561	582	581
519	520	541	540	561	562	583	582
520	521	542	541	562	563	584	583
521	522	543	542	563	564	585	584
522	523	544	543	564	565	586	585
523	524	545	544	565	566	587	586
546	547	568	567	588	589	610	609
547	548	569	568	589	590	611	610
548	549	570	569	590	591	612	611
549	550	571	570	591	592	613	612
550	551	572	571	592	593	614	613
551	552	573	572	593	594	615	614
552	553	574	573	594	595	616	615
553	554	575	574	595	596	617	616
554	555	576	575	596	597	618	617
555	556	577	576	597	598	619	618
556	557	578	577	598	599	620	619
557	558	579	578	599	600	621	620
558	559	580	579	600	601	622	621
559	560	581	580	601	602	623	622
560	561	582	581	602	603	624	623
561	562	583	582	603	604	625	624
562	563	584	583	604	605	626	625
563	564	585	584	605	606	627	626
564	565	586	585	606	607	628	627
565	566	587	586	607	608	629	628
588	589	610	609	630	631	652	651
589	590	611	610	631	632	653	652
590	591	612	611	632	633	654	653
591	592	613	612	633	634	655	654
592	593	614	613	634	635	656	655
593	594	615	614	635	636	657	656
594	595	616	615	636	637	658	657
595	596	617	616	637	638	659	658
596	597	618	617	638	639	660	659
597	598	619	618	639	640	661	660
598	599	620	619	640	641	662	661
599	600	621	620	641	642	663	662
600	601	622	621	642	643	664	663
601	602	623	622	643	644	665	664
602	603	624	623	644	645	666	665
603	604	625	624	645	646	667	666
604	605	626	625	646	647	668	667
605	606	627	626	647	648	669	668
606	607	628	627	648	649	670	669
607	608	629	628	649	650	671	670
630	631	652	651	672	673	694	693
631	632	653	652	673	674	695	694
632	633	654	653	674	675	696	695
633	634	655	654	675	676	697	696
634	635	656	655	676	677	698	697
635	636	657	656	677	678	699	698
636	637	658	657	678	679	700	699
637	638	659	658	679	680	701	700
638	639	660	659	680	681	702	701
639	640	661	660	681	682	703	702
640	641	662	661	682	683	704	703
641	642	663	662	683	684	705	704
642	643	664	663	684	685	706	705
643	644	665	664	685	686	707	706
644	645	666	665	686	687	708	707
645	646	667	666	687	688	709	708
646	647	668	667	688	689	710	709
647	648	669	668	689	690	711	710
648	649	670	669	690	691	712	711
649	650	671	670	691	692	713	712
672	673	694	693	714	715	736	735
673	674	695	694	715	716	737	736
674	675	696	695	716	717	738	737
675	676	697	696	717	718	739	738
676	677	698	697	718	719	740	739
677	678	699	698	719	720	741	740
678	679	700	699	720	721	742	741
679	680	701	700	721	722	743	742
680	681	702	701	722	723	744	743
681	682	703	702	723	724	745	744
682	683	704	703	724	725	746	745
683	684	705	704	725	726	747	746
684	685	706	705	726	727	748	747
685	686	707	706	727	728	749	748
686	687	708	707	728	729	750	749
687	688	709	708	729	730	751	750
688	689	710	709	730	731	752	751
689	690	711	710	731	732	753	752
690	691	712	711	732	733	754	753
691	692	713	712	733	734	755	754
714	715	736	735	756	757	778	777
715	716	737	736	757	758	779	778
716	717	738	737	758	759	780	779
717	718	739	738	759	760	781	780
718	719	740	739	760	761	782	781
719	720	741	740	761	762	783	782
720	721	742	741	762	763	784	783
721	722	743	742	763	764	785	784
722	723	744	743	764	765	786	785
723	724	745	744	765	766	787	786
724	725	746	745	766	767	788	787
725	726	747	746	767	768	789	788
726	727	748	747	768	769	790	789
727	728	749	748	769	770	791	790
728	729	750	749	770	771	792	791
729	730	751	750	771	772	793	792
730	731	752	751	772	773	794	793
731	732	753	752	773	774	795	794
732	733	754	753	774	775	796	795
733	734	755	754	775	776	797	796
756	757	778	777	798	799	820	819
757	758	779	778	799	800	821	820
758	759	780	779	800	801	822	821
759	760	781	780	801	802	823	822
760	761	782	781	802	803	824	823
761	762	783	782	803	804	825	824
762	763	784	783	804	805	826	825
763	764	785	784	805	806	827	826
764	765	786	785	806	807	828	827
765	766	787	786	807	808	829	828
766	767	788	787	808	809	830	829
767	768	789	788	809	810	831	830
768	769	790	789	810	811	832	831
769	770	791	790	811	812	833	832
770	771	792	791	812	813	834	833
771	772	793	792	813	814	835	834
772	773	794	793	814	815	836	835
773	774	795	794	815	816	837	836
774	775	796	795	816	817	838	837
775	776	797	796	817	818	839	838
798	799	820	819	840	841	862	861
799	800	821	820	841	842	863	862
800	801	822	821	842	843	864	863
801	802	823	822	843	844	865	864
802	803	824	823	844	845	866	865
803	804	825	824	845	846	867	866
804	805	826	825	846	847	868	867
805	806	827	826	847	848	869	868
806	807	828	827	848	849	870	869
807	808	829	828	849	850	871	870
808	809	830	829	850	851	872	871
809	810	831	830	851	852	873	872
810	811	832	831	852	853	874	873
811	812	833	832	853	854	875	874
812	813	834	833	854	855	876	875
813	814	835	834	855	856	877	876
814	815	836	835	856	857	878	877
815	816	837	836	857	858	879	878
816	817	838	837	858	859	880	879
817	818	839	838	859	860	881	880
882	883	1	0	903	904	43	42
883	884	2	1	904	905	44	43
884	885	3	2	905	906	45	44
885	886	4	3	906	907	46	45
886	887	5	4	907	908	47	46
887	888	6	5	908	909	48	47
888	889	7	6	909	910	49	48
889	890	8	7	910	911	50	49
890	891	9	8	911	912	51	50
891	892	10	9	912	913	52	51
892	893	11	10	913	914	53	52
893	894	12	11	914	915	54	53
894	895	13	12	915	916	55	54
895	896	14	13	916	917	56	55
896	897	15	14	917	918	57	56
897	898	16	15	918	919	58	57
898	899	17	16	919	920	59	58
899	900	18	17	920	921	60	59
900	901	19	18	921	922	61	60
901	902	20	19	922	923	62	61
903	904	43	42	924	925	85	84
904	905	44	43	925	926	86	85
905	906	45	44	926	927	87	86
906	907	46	45	927	928	88	87
907	908	47	46	928	929	89	88
908	909	48	47	929	930	90	89
909	910	49	48	930	931	91	90
910	911	50	49	931	932	92	91
911	912	51	50	932	933	93	92
912	913	52	51	933	934	94	93
913	914	53	52	934	935	95	94
914	915	54	53	935	936	96	95
915	916	55	54	936	937	97	96
916	917	56	55	937	938	98	97
917	918	57	56	938	939	99	98
918	919	58	57	939	940	100	99
919	920	59	58	940	941	101	100
920	921	60	59	941	942	102	101
921	922	61	60	942	943	103	102
922	923	62	61	943	944	104	103
945	946	253	252	966	967	295	294
946	947	254	253	967	968	296	295
947	948	255	254	968	969	297	296
948	949	256	255	969	970	298	297
949	950	257	256	970	971	299	298
950	951	258	257	971	972	300	299
951	952	259	258	972	973	301	300
952	953	260	259	973	974	302	301
953	954	261	260	974	975	303	302
954	955	262	261	975	976	304	303
955	956	263	262	976	977	305	304
956	957	264	263	977	978	306	305
957	958	265	264	978	979	307	306
958	959	266	265	979	980	308	307
959	960	267	266	980	981	309	308
960	961	268	267	981	982	310	309
961	962	269	268	982	983	311	310
962	963	270	269	983	984	312	311
963	964	271	270	984	985	313	312
964	965	272	271	985	986	314	313
966	967	295	294	987	988	337	336
967	968	296	295	988	989	338	337
968	969	297	296	989	990	339	338
969	970	298	297	990	991	340	339
970	971	299	298	991	992	341	340
971	972	300	299	992	993	342	341
972	973	301	300	993	994	343	342
973	974	302	301	994	995	344	343
974	975	303	302	995	996	345	344
975	976	304	303	996	997	346	345
976	977	305	304	997	998	347	346
977	978	306	305	998	999	348	347
978	979	307	306	999	1000	349	348
979	980	308	307	1000	1001	350	349
980	981	309	308	1001	1002	351	350
981	982	310	309	1002	1003	352	351
982	983	311	310	1003	1004	353	352
983	984	312	311	1004	1005	354	353
984	985	313	312	1005	1006	355	354
985	986	314	313	1006	1007	356	355
987	988	337	336	1008	1009	379	378
988	989	338	337	1009	1010	380	379
989	990	339	338	1010	1011	381	380
990	991	340	339	1011	1012	382	381
991	992	341	340	1012	1013	383	382
992	993	342	341	1013	1014	384	383
993	994	343	342	1014	1015	385	384
994	995	344	343	1015	1016	386	385
995	996	345	344	1016	1017	387	386
996	997	346	345	1017	1018	388	387
997	998	347	346	1018	1019	389	388
998	999	348	347	1019	1020	390	389
999	1000	349	348	1020	1021	391	390
1000	1001	350	349	1021	1022	392	391
1001	1002	351	350	1022	1023	393	392
1002	1003	352	351	1023	1024	394	393
1003	1004	353	352	1024	1025	395	394
1004	1005	354	353	1025	1026	396	395
1005	1006	355	354	1026	1027	397	396
1006	1007	356	355	1027	1028	398	397
1029	1030	421	420	1050	1051	463	462
1030	1031	422	421	1051	1052	464	463
1031	1032	423	422	1052	1053	465	464
1032	1033	424	423	1053	1054	466	465
1033	1034	425	424	1054	1055	467	466
1034	1035	426	425	1055	1056	468	467
1035	1036	427	426	1056	1057	469	468
1036	1037	428	427	1057	1058	470	469
1037	1038	429	428	1058	1059	471	470
1038	1039	430	429	1059	1060	472	471
1039	1040	431	430	1060	1061	473	472
1040	1041	432	431	1061	1062	474	473
1041	1042	433	432	1062	1063	475	474
1042	1043	434	433	1063	1064	476	475
1043	1044	435	434	1064	1065	477	476
1044	1045	436	435	1065	1066	478	477
1045	1046	437	436	1066	1067	479	478
1046	1047	438	437	1067	1068	480	479
1047	1048	439	438	1068	1069	481	480
1048	1049	440	439	1069	1070	482	481
1050	1051	463	462	1071	1072	505	504
1051	1052	464	463	1072	1073	506	505
1052	1053	465	464	1073	1074	507	506
1053	1054	466	465	1074	1075	508	507
1054	1055	467	466	1075	1076	509	508
1055	1056	468	467	1076	1077	510	509
1056	1057	469	468	1077	1078	511	510
1057	1058	470	469	1078	1079	512	511
1058	1059	471	470	1079	1080	513	512
1059	1060	472	471	1080	1081	514	513
1060	1061	473	472	1081	1082	515	514
1061	1062	474	473	1082	1083	516	515
1062	1063	475	474	1083	1084	517	516
1063	1064	476	475	1084	1085	518	517
1064	1065	477	476	1085	1086	519	518
1065	1066	478	477	1086	1087	520	519
1066	1067	479	478	1087	1088	521	520
1067	1068	480	479	1088	1089	522	521
1068	1069	481	480	1089	1090	523	522
1069	1070	482	481	1090	1091	524	523
1092	1093	547	546	1113	1114	589	588
1093	1094	548	547	1114	1115	590	589
1094	1095	549	548	1115	1116	591	590
1095	1096	550	549	1116	1117	592	591
1096	1097	551	550	1117	1118	593	592
1097	1098	552	551	1118	1119	594	593
1098	1099	553	552	1119	1120	595	594
1099	1100	554	553	1120	1121	596	595
1100	1101	555	554	1121	1122	597	596
1101	1102	556	555	1122	1123	598	597
1102	1103	557	556	1123	1124	599	598
1103	1104	558	557	1124	1125	600	599
1104	1105	559	558	1125	1126	601	600
1105	1106	560	559	1126	1127	602	601
1106	1107	561	560	1127	1128	603	602
1107	1108	562	561	1128	1129	604	603
1108	1109	563	562	1129	1130	605	604
1109	1110	564	563	1130	1131	606	605
1110	1111	565	564	1131	1132	607	606
1111	1112	566	565	1132	1133	608	607
1134	1135	631	630	1155	1156	673	672
1135	1136	632	631	1156	1157	674	673
1136	1137	633	632	1157	1158	675	674
1137	1138	634	633	1158	1159	676	675
1138	1139	635	634	1159	1160	677	676
1139	1140	636	635	1160	1161	678	677
1140	1141	637	636	1161	1162	679	678
1141	1142	638	637	1162	1163	680	679
1142	1143	639	638	1163	1164	681	680
1143	1144	640	639	1164	1165	682	681
1144	1145	641	640	1165	1166	683	682
1145	1146	642	641	1166	1167	684	683
1146	1147	643	642	1167	1168	685	684
1147	1148	644	643	1168	1169	686	685
1148	1149	645	644	1169	1170	687	686
1149	1150	646	645	1170	1171	688	687
1150	1151	647	646	1171	1172	689	688
1151	1152	648	647	1172	1173	690	689
1152	1153	649	648	1173	1174	691	690
1153	1154	650	649	1174	1175	692	691
1176	1177	715	714	1197	1198	757	756
1177	1178	716	715	1198	1199	758	757
1178	1179	717	716	1199	1200	759	758
1179	1180	718	717	1200	1201	760	759
1180	1181	719	718	1201	1202	761	760
1181	1182	720	719	1202	1203	762	761
1182	1183	721	720	1203	1204	763	762
1183	1184	722	721	1204	1205	764	763
1184	1185	723	722	1205	1206	765	764
1185	1186	724	723	1206	1207	766	765
1186	1187	725	724	1207	1208	767	766
1187	1188	726	725	1208	1209	768	767
1188	1189	727	726	1209	1210	769	768
1189	1190	728	727	1210	1211	770	769
1190	1191	729	728	1211	1212	771	770
1191	1192	730	729	1212	1213	772	771
1192	1193	731	730	1213	1214	773	772
1193	1194	732	731	1214	1215	774	773
1194	1195	733	732	1215	1216	775	774
1195	1196	734	733	1216	1217	776	775
1218	1219	799	798	1239	1240	841	840
1219	1220	800	799	1240	1241	842	841
1220	1221	801	800	1241	1242	843	842
1221	1222	802	801	1242	1243	844	843
1222	1223	803	802	1243	1244	845	844
1223	1224	804	803	1244	1245	846	845
1224	1225	805	804	1245	1246	847	846
1225	1226	806	805	1246	1247	848	847
1226	1227	807	806	1247	1248	849	848
1227	1228	808	807	1248	1249	850	849
1228	1229	809	808	1249	1250	851	850
1229	1230	810	809	1250	1251	852	851
1230	1231	811	810	1251	1252	853	852
1231	1232	812	811	1252	1253	854	853
1232	1233	813	812	1253	1254	855	854
1233	1234	814	813	1254	1255	856	855
1234	1235	815	814	1255	1256	857	856
1235	1236	816	815	1256	1257	858	857
1236	1237	817	816	1257	1258	859	858
1237	1238	818	817	1258	1259	860	859
64	65	1261	1260	106	107	1279	1278
65	66	1262	1261	107	108	1280	1279
66	67	1263	1262	108	109	1281	1280
67	68	1264	1263	109	110	1282	1281
68	69	1265	1264	110	111	1283	1282
69	70	1266	1265	111	112	1284	1283
70	71	1267	1266	112	113	1285	1284
71	72	1268	1267	113	114	1286	1285
72	73	1269	1268	114	115	1287	1286
73	74	1270	1269	115	116	1288	1287
74	75	1271	1270	116	117	1289	1288
75	76	1272	1271	117	118	1290	1289
76	77	1273	1272	118	119	1291	1290
77	78	1274	1273	119	120	1292	1291
78	79	1275	1274	120	121	1293	1292
79	80	1276	1275	121	122	1294	1293
80	81	1277	1276	122	123	1295	1294
106	107	1279	1278	148	149	1297	1296
107	108	1280	1279	149	150	1298	1297
108	109	1281	1280	150	151	1299	1298
109	110	1282	1281	151	152	1300	1299
110	111	1283	1282	152	153	1301	1300
111	112	1284	1283	153	154	1302	1301
112	113	1285	1284	154	155	1303	1302
113	114	1286	1285	155	156	1304	1303
114	115	1287	1286	156	157	1305	1304
115	116	1288	1287	157	158	1306	1305
116	117	1289	1288	158	159	1307	1306
117	118	1290	1289	159	160	1308	1307
118	119	1291	1290	160	161	1309	1308
119	120	1292	1291	161	162	1310	1309
120	121	1293	1292	162	163	1311	1310
121	122	1294	1293	163	164	1312	1311
122	123	1295	1294	164	165	1313	1312
148	149	1297	1296	190	191	1315	1314
149	150	1298	1297	191	192	1316	1315
150	151	1299	1298	192	193	1317	1316
151	152	1300	1299	193	194	1318	1317
152	153	1301	1300	194	195	1319	1318
153	154	1302	1301	195	196	1320	1319
154	155	1303	1302	196	197	1321	1320
155	156	1304	1303	197	198	1322	1321
156	157	1305	1304	198	199	1323	1322
157	158	1306	1305	199	200	1324	1323
158	159	1307	1306	200	201	1325	1324
159	160	1308	1307	201	202	1326	1325
160	161	1309	1308	202	203	1327	1326
161	162	1310	1309	203	204	1328	1327
162	163	1311	1310	204	205	1329	1328
163	164	1312	1311	205	206	1330	1329
164	165	1313	1312	206	207	1331	1330
190	191	1315	1314	232	233	1333	1332
191	192	1316	1315	233	234	1334	1333
192	193	1317	1316	234	235	1335	1334
193	194	1318	1317	235	236	1336	1335
194	195	1319	1318	236	237	1337	1336
195	196	1320	1319	237	238	1338	1337
196	197	1321	1320	238	239	1339	1338
197	198	1322	1321	239	240	1340	1339
198	199	1323	1322	240	241	1341	1340
199	200	1324	1323	241	242	1342	1341
200	201	1325	1324	242	243	1343	1342
201	202	1326	1325	243	244	1344	1343
202	203	1327	1326	244	245	1345	1344
203	204	1328	1327	245	246	1346	1345
204	205	1329	1328	246	247	1347	1346
205	206	1330	1329	247	248	1348	1347
206	207	1331	1330	248	249	1349	1348
232	233	1333	1332	274	275	1351	1350
233	234	1334	1333	275	276	1352	1351
234	235	1335	1334	276	277	1353	1352
235	236	1336	1335	277	278	1354	1353
236	237	1337	1336	278	279	1355	1354
237	238	1338	1337	279	280	1356	1355
238	239	1339	1338	280	281	1357	1356
239	240	1340	1339	281	282	1358	1357
240	241	1341	1340	282	283	1359	1358
241	242	1342	1341	283	284	1360	1359
242	243	1343	1342	284	285	1361	1360
243	244	1344	1343	285	286	1362	1361
244	245	1345	1344	286	287	1363	1362
245	246	1346	1345	287	288	1364	1363
246	247	1347	1346	288	289	1365	1364
247	248	1348	1347	289	290	1366	1365
248	249	1349	1348	290	291	1367	1366
274	275	1351	1350	316	317	1369	1368
275	276	1352	1351	317	318	1370	1369
276	277	1353	1352	318	319	1371	1370
277	278	1354	1353	319	320	1372	1371
278	279	1355	1354	320	321	1373	1372
279	280	1356	1355	321	322	1374	1373
280	281	1357	1356	322	323	1375	1374
281	282	1358	1357	323	324	1376	1375
282	283	1359	1358	324	325	1377	1376
283	284	1360	1359	325	326	1378	1377
284	285	1361	1360	326	327	1379	1378
285	286	1362	1361	327	328	1380	1379
286	287	1363	1362	328	329	1381	1380
287	288	1364	1363	329	330	1382	1381
288	289	1365	1364	330	331	1383	1382
289	290	1366	1365	331	332	1384	1383
290	291	1367	1366	332	333	1385	1384
316	317	1369	1368	358	359	1387	1386
317	318	1370	1369	359	360	1388	1387
318	319	1371	1370	360	361	1389	1388
319	320	1372	1371	361	362	1390	1389
320	321	1373	1372	362	363	1391	1390
321	322	1374	1373	363	364	1392	1391
322	323	1375	1374	364	365	1393	1392
323	324	1376	1375	365	366	1394	1393
324	325	1377	1376	366	367	1395	1394
325	326	1378	1377	367	368	1396	1395
326	327	1379	1378	368	369	1397	1396
327	328	1380	1379	369	370	1398	1397
328	329	1381	1380	370	371	1399	1398
329	330	1382	1381	371	372	1400	1399
330	331	1383	1382	372	373	1401	1400
331	332	1384	1383	373	374	1402	1401
332	333	1385	1384	374	375	1403	1402
358	359	1387	1386	400	401	1405	1404
359	360	1388	1387	401	402	1406	1405
360	361	1389	1388	402	403	1407	1406
361	362	1390	1389	403	404	1408	1407
362	363	1391	1390	404	405	1409	1408
363	364	1392	1391	405	406	1410	1409
364	365	1393	1392	406	407	1411	1410
365	366	1394	1393	407	408	1412	1411
366	367	1395	1394	408	409	1413	1412
367	368	1396	1395	409	410	1414	1413
368	369	1397	1396	410	411	1415	1414
369	370	1398	1397	411	412	1416	1415
370	371	1399	1398	412	413	1417	1416
371	372	1400	1399	413	414	1418	1417
372	373	1401	1400	414	415	1419	1418
373	374	1402	1401	415	416	1420	1419
374	375	1403	1402	416	417	1421	1420
400	401	1405	1404	1422	1423	1441	1440
401	402	1406	1405	1423	1424	1442	1441
402	403	1407	1406	1424	1425	1443	1442
403	404	1408	1407	1425	1426	1444	1443
404	405	1409	1408	1426	1427	1445	1444
405	406	1410	1409	1427	1428	1446	1445
406	407	1411	1410	1428	1429	1447	1446
407	408	1412	1411	1429	1430	1448	1447
408	409	1413	1412	1430	1431	1449	1448
409	410	1414	1413	1431	1432	1450	1449
410	411	1415	1414	1432	1433	1451	1450
411	412	1416	1415	1433	1434	1452	1451
412	413	1417	1416	1434	1435	1453	1452
413	414	1418	1417	1435	1436	1454	1453
414	415	1419	1418	1436	1437	1455	1454
415	416	1420	1419	1437	1438	1456	1455
416	417	1421	1420	1438	1439	1457	1456
1458	1459	1461	1460	1462	1463	1465	1464
1466	1462	1464	1468	1470	1471	1475	1474
1462	1463	1465	1464	1471	1472	1476	1475
1463	1467	1469	1465	1472	1473	1477	1476
1478	1479	1481	1480	1482	1483	1485	1484
1486	1482	1484	1488	1490	1491	1495	1494
1482	1483	1485	1484	1491	1492	1496	1495
1483	1487	1489	1485	1492	1493	1497	1496
1498	1499	1501	1500	1502	1503	1505	1504
1506	1502	1504	1508	1510	1511	1515	1514
1502	1503	1505	1504	1511	1512	1516	1515
1503	1507	1509	1505	1512	1513	1517	1516
21	22	1519	1518	63	64	1260	1538
22	23	1520	1519	64	65	1261	1260
23	24	1521	1520	65	66	1262	1261
24	25	1522	1521	66	67	1263	1262
25	26	1523	1522	67	68	1264	1263
26	27	1524	1523	68	69	1265	1264
27	28	1525	1524	69	70	1266	1265
28	29	1526	1525	70	71	1267	1266
29	30	1527	1526	71	72	1268	1267
30	31	1528	1527	72	73	1269	1268
31	32	1529	1528	73	74	1270	1269
32	33	1530	1529	74	75	1271	1270
33	34	1531	1530	75	76	1272	1271
34	35	1532	1531	76	77	1273	1272
35	36	1533	1532	77	78	1274	1273
36	37	1534	1533	78	79	1275	1274
37	38	1535	1534	79	80	1276	1275
38	39	1536	1535	80	81	1277	1276
39	40	1537	1536	81	82	1539	1277
1540	1422	1440	1542	441	442	1545	1544
1422	1423	1441	1440	442	443	1546	1545
1423	1424	1442	1441	443	444	1547	1546
1424	1425	1443	1442	444	445	1548	1547
1425	1426	1444	1443	445	446	1549	1548
1426	1427	1445	1444	446	447	1550	1549
1427	1428	1446	1445	447	448	1551	1550
1428	1429	1447	1446	448	449	1552	1551
1429	1430	1448	1447	449	450	1553	1552
1430	1431	1449	1448	450	451	1554	1553
1431	1432	1450	1449	451	452	1555	1554
1432	1433	1451	1450	452	453	1556	1555
1433	1434	1452	1451	453	454	1557	1556
1434	1435	1453	1452	454	455	1558	1557
1435	1436	1454	1453	455	456	1559	1558
1436	1437	1455	1454	456	457	1560	1559
1437	1438	1456	1455	457	458	1561	1560
1438	1439	1457	1456	458	459	1562	1561
1439	1541	1543	1457	459	460	1563	1562
441	442	1545	1544	483	484	1565	1564
442	443	1546	1545	484	485	1566	1565
443	444	1547	1546	485	486	1567	1566
444	445	1548	1547	486	487	1568	1567
445	446	1549	1548	487	488	1569	1568
446	447	1550	1549	488	489	1570	1569
447	448	1551	1550	489	490	1571	1570
448	449	1552	1551	490	491	1572	1571
449	450	1553	1552	491	492	1573	1572
450	451	1554	1553	492	493	1574	1573
451	452	1555	1554	493	494	1575	1574
452	453	1556	1555	494	495	1576	1575
453	454	1557	1556	495	496	1577	1576
454	455	1558	1557	496	497	1578	1577
455	456	1559	1558	497	498	1579	1578
456	457	1560	1559	498	499	1580	1579
457	458	1561	1560	499	500	1581	1580
458	459	1562	1561	500	501	1582	1581
459	460	1563	1562	501	502	1583	1582
63	64	1260	1538	105	106	1278	1584
105	106	1278	1584	147	148	1296	1585
147	148	1296	1585	189	190	1314	1586
189	190	1314	1586	231	232	1332	1587
231	232	1332	1587	273	274	1350	1588
273	274	1350	1588	315	316	1368	1589
315	316	1368	1589	357	358	1386	1590
357	358	1386	1590	399	400	1404	1591
399	400	1404	1591	1540	1422	1440	1542
81	82	1539	1277	123	124	1592	1295
123	124	1592	1295	165	166	1593	1313
165	166	1593	1313	207	208	1594	1331
207	208	1594	1331	249	250	1595	1349
249	250	1595	1349	291	292	1596	1367
291	292	1596	1367	333	334	1597	1385
333	334	1597	1385	375	376	1598	1403
375	376	1598	1403	417	418	1599	1421
417	418	1599	1421	1439	1541	1543	1457
1301	1302	1601	1600	1319	1320	1609	1608
1302	1303	1602	1601	1320	1321	1610	1609
1303	1304	1603	1602	1321	1322	1611	1610
1304	1305	1604	1603	1322	1323	1612	1611
1305	1306	1605	1604	1323	1324	1613	1612
1306	1307	1606	1605	1324	1325	1614	1613
1307	1308	1607	1606	1325	1326	1615	1614
1391	1392	1617	1616	1409	1410	1625	1624
1392	1393	1618	1617	1410	1411	1626	1625
1393	1394	1619	1618	1411	1412	1627	1626
1394	1395	1620	1619	1412	1413	1628	1627
1395	1396	1621	1620	1413	1414	1629	1628
1396	1397	1622	1621	1414	1415	1630	1629
1397	1398	1623	1622	1415	1416	1631	1630
1409	1410	1625	1624	1445	1446	1633	1632
1410	1411	1626	1625	1446	1447	1634	1633
1411	1412	1627	1626	1447	1448	1635	1634
1412	1413	1628	1627	1448	1449	1636	1635
1413	1414	1629	1628	1449	1450	1637	1636
1414	1415	1630	1629	1450	1451	1638	1637
1415	1416	1631	1630	1451	1452	1639	1638
1445	1446	1633	1632	1550	1551	1641	1640
1446	1447	1634	1633	1551	1552	1642	1641
1447	1448	1635	1634	1552	1553	1643	1642
1448	1449	1636	1635	1553	1554	1644	1643
1449	1450	1637	1636	1554	1555	1645	1644
1450	1451	1638	1637	1555	1556	1646	1645
1451	1452	1639	1638	1556	1557	1647	1646
1550	1551	1641	1640	1570	1571	1649	1648
1551	1552	1642	1641	1571	1572	1650	1649
1552	1553	1643	1642	1572	1573	1651	1650
1553	1554	1644	1643	1573	1574	1652	1651
1554	1555	1645	1644	1574	1575	1653	1652
1555	1556	1646	1645	1575	1576	1654	1653
1556	1557	1647	1646	1576	1577	1655	1654
1585	1296	1657	1656	1586	1314	1663	1662
1296	1297	1658	1657	1314	1315	1664	1663
1297	1298	1659	1658	1315	1316	1665	1664
1298	1299	1660	1659	1316	1317	1666	1665
1299	1300	1661	1660	1317	1318	1667	1666
1300	1301	1600	1661	1318	1319	1608	1667
1586	1314	1663	1662	1587	1332	1669	1668
1314	1315	1664	1663	1332	1333	1670	1669
1315	1316	1665	1664	1333	1334	1671	1670
1316	1317	1666	1665	1334	1335	1672	1671
1317	1318	1667	1666	1335	1336	1673	1672
1318	1319	1608	1667	1336	1337	1674	1673
1587	1332	1669	1668	1588	1350	1676	1675
1332	1333	1670	1669	1350	1351	1677	1676
1333	1334	1671	1670	1351	1352	1678	1677
1334	1335	1672	1671	1352	1353	1679	1678
1335	1336	1673	1672	1353	1354	1680	1679
1336	1337	1674	1673	1354	1355	1681	1680
1588	1350	1676	1675	1589	1368	1683	1682
1350	1351	1677	1676	1368	1369	1684	1683
1351	1352	1678	1677	1369	1370	1685	1684
1352	1353	1679	1678	1370	1371	1686	1685
1353	1354	1680	1679	1371	1372	1687	1686
1354	1355	1681	1680	1372	1373	1688	1687
1589	1368	1683	1682	1590	1386	1690	1689
1368	1369	1684	1683	1386	1387	1691	1690
1369	1370	1685	1684	1387	1388	1692	1691
1370	1371	1686	1685	1388	1389	1693	1692
1371	1372	1687	1686	1389	1390	1694	1693
1372	1373	1688	1687	1390	1391	1616	1694
1590	1386	1690	1689	1591	1404	1696	1695
1386	1387	1691	1690	1404	1405	1697	1696
1387	1388	1692	1691	1405	1406	1698	1697
1388	1389	1693	1692	1406	1407	1699	1698
1389	1390	1694	1693	1407	1408	1700	1699
1390	1391	1616	1694	1408	1409	1624	1700
1591	1404	1696	1695	1542	1440	1702	1701
1404	1405	1697	1696	1440	1441	1703	1702
1405	1406	1698	1697	1441	1442	1704	1703
1406	1407	1699	1698	1442	1443	1705	1704
1407	1408	1700	1699	1443	1444	1706	1705
1408	1409	1624	1700	1444	1445	1632	1706
1542	1440	1702	1701	1544	1545	1708	1707
1440	1441	1703	1702	1545	1546	1709	1708
1441	1442	1704	1703	1546	1547	1710	1709
1442	1443	1705	1704	1547	1548	1711	1710
1443	1444	1706	1705	1548	1549	1712	1711
1444	1445	1632	1706	1549	1550	1640	1712
1544	1545	1708	1707	1564	1565	1714	1713
1545	1546	1709	1708	1565	1566	1715	1714
1546	1547	1710	1709	1566	1567	1716	1715
1547	1548	1711	1710	1567	1568	1717	1716
1548	1549	1712	1711	1568	1569	1718	1717
1549	1550	1640	1712	1569	1570	1648	1718
1308	1309	1719	1607	1326	1327	1725	1615
1309	1310	1720	1719	1327	1328	1726	1725
1310	1311	1721	1720	1328	1329	1727	1726
1311	1312	1722	1721	1329	1330	1728	1727
1312	1313	1723	1722	1330	1331	1729	1728
1313	1593	1724	1723	1331	1594	1730	1729
1326	1327	1725	1615	1344	1345	1732	1731
1327	1328	1726	1725	1345	1346	1733	1732
1328	1329	1727	1726	1346	1347	1734	1733
1329	1330	1728	1727	1347	1348	1735	1734
1330	1331	1729	1728	1348	1349	1736	1735
1331	1594	1730	1729	1349	1595	1737	1736
1344	1345	1732	1731	1362	1363	1739	1738
1345	1346	1733	1732	1363	1364	1740	1739
1346	1347	1734	1733	1364	1365	1741	1740
1347	1348	1735	1734	1365	1366	1742	1741
1348	1349	1736	1735	1366	1367	1743	1742
1349	1595	1737	1736	1367	1596	1744	1743
1362	1363	1739	1738	1380	1381	1746	1745
1363	1364	1740	1739	1381	1382	1747	1746
1364	1365	1741	1740	1382	1383	1748	1747
1365	1366	1742	1741	1383	1384	1749	1748
1366	1367	1743	1742	1384	1385	1750	1749
1367	1596	1744	1743	1385	1597	1751	1750
1380	1381	1746	1745	1398	1399	1752	1623
1381	1382	1747	1746	1399	1400	1753	1752
1382	1383	1748	1747	1400	1401	1754	1753
1383	1384	1749	1748	1401	1402	1755	1754
1384	1385	1750	1749	1402	1403	1756	1755
1385	1597	1751	1750	1403	1598	1757	1756
1398	1399	1752	1623	1416	1417	1758	1631
1399	1400	1753	1752	1417	1418	1759	1758
1400	1401	1754	1753	1418	1419	1760	1759
1401	1402	1755	1754	1419	1420	1761	1760
1402	1403	1756	1755	1420	1421	1762	1761
1403	1598	1757	1756	1421	1599	1763	1762
1416	1417	1758	1631	1452	1453	1764	1639
1417	1418	1759	1758	1453	1454	1765	1764
1418	1419	1760	1759	1454	1455	1766	1765
1419	1420	1761	1760	1455	1456	1767	1766
1420	1421	1762	1761	1456	1457	1768	1767
1421	1599	1763	1762	1457	1543	1769	1768
1452	1453	1764	1639	1557	1558	1770	1647
1453	1454	1765	1764	1558	1559	1771	1770
1454	1455	1766	1765	1559	1560	1772	1771
1455	1456	1767	1766	1560	1561	1773	1772
1456	1457	1768	1767	1561	1562	1774	1773
1457	1543	1769	1768	1562	1563	1775	1774
1557	1558	1770	1647	1577	1578	1776	1655
1558	1559	1771	1770	1578	1579	1777	1776
1559	1560	1772	1771	1579	1580	1778	1777
1560	1561	1773	1772	1580	1581	1779	1778
1561	1562	1774	1773	1581	1582	1780	1779
1562	1563	1775	1774	1582	1583	1781	1780
1656	1657	1783	1782	1662	1663	1819	1818
1657	1658	1470	1783	1663	1664	1820	1819
1658	1659	1471	1470	1664	1665	1821	1820
1659	1660	1472	1471	1665	1666	1822	1821
1660	1661	1473	1472	1666	1667	1823	1822
1661	1600	1784	1473	1667	1608	1824	1823
1600	1601	1785	1784	1608	1609	1825	1824
1601	1602	1490	1785	1609	1610	1826	1825
1602	1603	1491	1490	1610	1611	1827	1826
1603	1604	1492	1491	1611	1612	1828	1827
1604	1605	1493	1492	1612	1613	1829	1828
1605	1606	1786	1493	1613	1614	1830	1829
1606	1607	1787	1786	1614	1615	1831	1830
1607	1719	1510	1787	1615	1725	1832	1831
1719	1720	1511	1510	1725	1726	1833	1832
1720	1721	1512	1511	1726	1727	1834	1833
1721	1722	1513	1512	1727	1728	1835	1834
1722	1723	1788	1513	1728	1729	1836	1835
1723	1724	1789	1788	1729	1730	1837	1836
1782	1783	1791	1790	1818	1819	1839	1838
1783	1470	1474	1791	1819	1820	1840	1839
1470	1471	1475	1474	1820	1821	1841	1840
1471	1472	1476	1475	1821	1822	1842	1841
1472	1473	1477	1476	1822	1823	1843	1842
1473	1784	1792	1477	1823	1824	1844	1843
1784	1785	1793	1792	1824	1825	1845	1844
1785	1490	1494	1793	1825	1826	1846	1845
1490	1491	1495	1494	1826	1827	1847	1846
1491	1492	1496	1495	1827	1828	1848	1847
1492	1493	1497	1496	1828	1829	1849	1848
1493	1786	1794	1497	1829	1830	1850	1849
1786	1787	1795	1794	1830	1831	1851	1850
1787	1510	1514	1795	1831	1832	1852	1851
1510	1511	1515	1514	1832	1833	1853	1852
1511	1512	1516	1515	1833	1834	1854	1853
1512	1513	1517	1516	1834	1835	1855	1854
1513	1788	1796	1517	1835	1836	1856	1855
1788	1789	1797	1796	1836	1837	1857	1856
1790	1791	1799	1798	1838	1839	1859	1858
1791	1474	1800	1799	1839	1840	1860	1859
1474	1475	1801	1800	1840	1841	1861	1860
1475	1476	1802	1801	1841	1842	1862	1861
1476	1477	1803	1802	1842	1843	1863	1862
1477	1792	1804	1803	1843	1844	1864	1863
1792	1793	1805	1804	1844	1845	1865	1864
1793	1494	1806	1805	1845	1846	1866	1865
1494	1495	1807	1806	1846	1847	1867	1866
1495	1496	1808	1807	1847	1848	1868	1867
1496	1497	1809	1808	1848	1849	1869	1868
1497	1794	1810	1809	1849	1850	1870	1869
1794	1795	1811	1810	1850	1851	1871	1870
1795	1514	1812	1811	1851	1852	1872	1871
1514	1515	1813	1812	1852	1853	1873	1872
1515	1516	1814	1813	1853	1854	1874	1873
1516	1517	1815	1814	1854	1855	1875	1874
1517	1796	1816	1815	1855	1856	1876	1875
1796	1797	1817	1816	1856	1857	1877	1876
1662	1663	1819	1818	1668	1669	1885	1884
1663	1664	1820	1819	1669	1670	1886	1885
1664	1665	1821	1820	1670	1671	1887	1886
1665	1666	1822	1821	1671	1672	1888	1887
1666	1667	1823	1822	1672	1673	1889	1888
1667	1608	1824	1823	1673	1674	1890	1889
1608	1609	1825	1824	1674	1878	1891	1890
1609	1610	1826	1825	1878	1879	1892	1891
1610	1611	1827	1826	1879	1880	1893	1892
1611	1612	1828	1827	1880	1881	1894	1893
1612	1613	1829	1828	1881	1882	1895	1894
1613	1614	1830	1829	1882	1883	1896	1895
1614	1615	1831	1830	1883	1731	1897	1896
1615	1725	1832	1831	1731	1732	1898	1897
1725	1726	1833	1832	1732	1733	1899	1898
1726	1727	1834	1833	1733	1734	1900	1899
1727	1728	1835	1834	1734	1735	1901	1900
1728	1729	1836	1835	1735	1736	1902	1901
1729	1730	1837	1836	1736	1737	1903	1902
1818	1819	1839	1838	1884	1885	1905	1904
1819	1820	1840	1839	1885	1886	1906	1905
1820	1821	1841	1840	1886	1887	1907	1906
1821	1822	1842	1841	1887	1888	1908	1907
1822	1823	1843	1842	1888	1889	1909	1908
1823	1824	1844	1843	1889	1890	1910	1909
1824	1825	1845	1844	1890	1891	1911	1910
1825	1826	1846	1845	1891	1892	1912	1911
1826	1827	1847	1846	1892	1893	1913	1912
1827	1828	1848	1847	1893	1894	1914	1913
1828	1829	1849	1848	1894	1895	1915	1914
1829	1830	1850	1849	1895	1896	1916	1915
1830	1831	1851	1850	1896	1897	1917	1916
1831	1832	1852	1851	1897	1898	1918	1917
1832	1833	1853	1852	1898	1899	1919	1918
1833	1834	1854	1853	1899	1900	1920	1919
1834	1835	1855	1854	1900	1901	1921	1920
1835	1836	1856	1855	1901	1902	1922	1921
1836	1837	1857	1856	1902	1903	1923	1922
1838	1839	1859	1858	1904	1905	1925	1924
1839	1840	1860	1859	1905	1906	1926	1925
1840	1841	1861	1860	1906	1907	1927	1926
1841	1842	1862	1861	1907	1908	1928	1927
1842	1843	1863	1862	1908	1909	1929	1928
1843	1844	1864	1863	1909	1910	1930	1929
1844	1845	1865	1864	1910	1911	1931	1930
1845	1846	1866	1865	1911	1912	1932	1931
1846	1847	1867	1866	1912	1913	1933	1932
1847	1848	1868	1867	1913	1914	1934	1933
1848	1849	1869	1868	1914	1915	1935	1934
1849	1850	1870	1869	1915	1916	1936	1935
1850	1851	1871	1870	1916	1917	1937	1936
1851	1852	1872	1871	1917	1918	1938	1937
1852	1853	1873	1872	1918	1919	1939	1938
1853	1854	1874	1873	1919	1920	1940	1939
1854	1855	1875	1874	1920	1921	1941	1940
1855	1856	1876	1875	1921	1922	1942	1941
1856	1857	1877	1876	1922	1923	1943	1942
1668	1669	1885	1884	1675	1676	1951	1950
1669	1670	1886	1885	1676	1677	1952	1951
1670	1671	1887	1886	1677	1678	1953	1952
1671	1672	1888	1887	1678	1679	1954	1953
1672	1673	1889	1888	1679	1680	1955	1954
1673	1674	1890	1889	1680	1681	1956	1955
1674	1878	1891	1890	1681	1944	1957	1956
1878	1879	1892	1891	1944	1945	1958	1957
1879	1880	1893	1892	1945	1946	1959	1958
1880	1881	1894	1893	1946	1947	1960	1959
1881	1882	1895	1894	1947	1948	1961	1960
1882	1883	1896	1895	1948	1949	1962	1961
1883	1731	1897	1896	1949	1738	1963	1962
1731	1732	1898	1897	1738	1739	1964	1963
1732	1733	1899	1898	1739	1740	1965	1964
1733	1734	1900	1899	1740	1741	1966	1965
1734	1735	1901	1900	1741	1742	1967	1966
1735	1736	1902	1901	1742	1743	1968	1967
1736	1737	1903	1902	1743	1744	1969	1968
1884	1885	1905	1904	1950	1951	1971	1970
1885	1886	1906	1905	1951	1952	1972	1971
1886	1887	1907	1906	1952	1953	1973	1972
1887	1888	1908	1907	1953	1954	1974	1973
1888	1889	1909	1908	1954	1955	1975	1974
1889	1890	1910	1909	1955	1956	1976	1975
1890	1891	1911	1910	1956	1957	1977	1976
1891	1892	1912	1911	1957	1958	1978	1977
1892	1893	1913	1912	1958	1959	1979	1978
1893	1894	1914	1913	1959	1960	1980	1979
1894	1895	1915	1914	1960	1961	1981	1980
1895	1896	1916	1915	1961	1962	1982	1981
1896	1897	1917	1916	1962	1963	1983	1982
1897	1898	1918	1917	1963	1964	1984	1983
1898	1899	1919	1918	1964	1965	1985	1984
1899	1900	1920	1919	1965	1966	1986	1985
1900	1901	1921	1920	1966	1967	1987	1986
1901	1902	1922	1921	1967	1968	1988	1987
1902	1903	1923	1922	1968	1969	1989	1988
1904	1905	1925	1924	1970	1971	1991	1990
1905	1906	1926	1925	1971	1972	1992	1991
1906	1907	1927	1926	1972	1973	1993	1992
1907	1908	1928	1927	1973	1974	1994	1993
1908	1909	1929	1928	1974	1975	1995	1994
1909	1910	1930	1929	1975	1976	1996	1995
1910	1911	1931	1930	1976	1977	1997	1996
1911	1912	1932	1931	1977	1978	1998	1997
1912	1913	1933	1932	1978	1979	1999	1998
1913	1914	1934	1933	1979	1980	2000	1999
1914	1915	1935	1934	1980	1981	2001	2000
1915	1916	1936	1935	1981	1982	2002	2001
1916	1917	1937	1936	1982	1983	2003	2002
1917	1918	1938	1937	1983	1984	2004	2003
1918	1919	1939	1938	1984	1985	2005	2004
1919	1920	1940	1939	1985	1986	2006	2005
1920	1921	1941	1940	1986	1987	2007	2006
1921	1922	1942	1941	1987	1988	2008	2007
1922	1923	1943	1942	1988	1989	2009	2008
1675	1676	1951	1950	1682	1683	2017	2016
1676	1677	1952	1951	1683	1684	2018	2017
1677	1678	1953	1952	1684	1685	2019	2018
1678	1679	1954	1953	1685	1686	2020	2019
1679	1680	1955	1954	1686	1687	2021	2020
1680	1681	1956	1955	1687	1688	2022	2021
1681	1944	1957	1956	1688	2010	2023	2022
1944	1945	1958	1957	2010	2011	2024	2023
1945	1946	1959	1958	2011	2012	2025	2024
1946	1947	1960	1959	2012	2013	2026	2025
1947	1948	1961	1960	2013	2014	2027	2026
1948	1949	1962	1961	2014	2015	2028	2027
1949	1738	1963	1962	2015	1745	2029	2028
1738	1739	1964	1963	1745	1746	2030	2029
1739	1740	1965	1964	1746	1747	2031	2030
1740	1741	1966	1965	1747	1748	2032	2031
1741	1742	1967	1966	1748	1749	2033	2032
1742	1743	1968	1967	1749	1750	2034	2033
1743	1744	1969	1968	1750	1751	2035	2034
1950	1951	1971	1970	2016	2017	2037	2036
1951	1952	1972	1971	2017	2018	2038	2037
1952	1953	1973	1972	2018	2019	2039	2038
1953	1954	1974	1973	2019	2020	2040	2039
1954	1955	1975	1974	2020	2021	2041	2040
1955	1956	1976	1975	2021	2022	2042	2041
1956	1957	1977	1976	2022	2023	2043	2042
1957	1958	1978	1977	2023	2024	2044	2043
1958	1959	1979	1978	2024	2025	2045	2044
1959	1960	1980	1979	2025	2026	2046	2045
1960	1961	1981	1980	2026	2027	2047	2046
1961	1962	1982	1981	2027	2028	2048	2047
1962	1963	1983	1982	2028	2029	2049	2048
1963	1964	1984	1983	2029	2030	2050	2049
1964	1965	1985	1984	2030	2031	2051	2050
1965	1966	1986	1985	2031	2032	2052	2051
1966	1967	1987	1986	2032	2033	2053	2052
1967	1968	1988	1987	2033	2034	2054	2053
1968	1969	1989	1988	2034	2035	2055	2054
1970	1971	1991	1990	2036	2037	2057	2056
1971	1972	1992	1991	2037	2038	2058	2057
1972	1973	1993	1992	2038	2039	2059	2058
1973	1974	1994	1993	2039	2040	2060	2059
1974	1975	1995	1994	2040	2041	2061	2060
1975	1976	1996	1995	2041	2042	2062	2061
1976	1977	1997	1996	2042	2043	2063	2062
1977	1978	1998	1997	2043	2044	2064	2063
1978	1979	1999	1998	2044	2045	2065	2064
1979	1980	2000	1999	2045	2046	2066	2065
1980	1981	2001	2000	2046	2047	2067	2066
1981	1982	2002	2001	2047	2048	2068	2067
1982	1983	2003	2002	2048	2049	2069	2068
1983	1984	2004	2003	2049	2050	2070	2069
1984	1985	2005	2004	2050	2051	2071	2070
1985	1986	2006	2005	2051	2052	2072	2071
1986	1987	2007	2006	2052	2053	2073	2072
1987	1988	2008	2007	2053	2054	2074	2073
1988	1989	2009	2008	2054	2055	2075	2074
1682	1683	2017	2016	1689	1690	2077	2076
1683	1684	2018	2017	1690	1691	2078	2077
1684	1685	2019	2018	1691	1692	2079	2078
1685	1686	2020	2019	1692	1693	2080	2079
1686	1687	2021	2020	1693	1694	2081	2080
1687	1688	2022	2021	1694	1616	2082	2081
1688	2010	2023	2022	1616	1617	2083	2082
2010	2011	2024	2023	1617	1618	2084	2083
2011	2012	2025	2024	1618	1619	2085	2084
2012	2013	2026	2025	1619	1620	2086	2085
2013	2014	2027	2026	1620	1621	2087	2086
2014	2015	2028	2027	1621	1622	2088	2087
2015	1745	2029	2028	1622	1623	2089	2088
1745	1746	2030	2029	1623	1752	2090	2089
1746	1747	2031	2030	1752	1753	2091	2090
1747	1748	2032	2031	1753	1754	2092	2091
1748	1749	2033	2032	1754	1755	2093	2092
1749	1750	2034	2033	1755	1756	2094	2093
1750	1751	2035	2034	1756	1757	2095	2094
2016	2017	2037	2036	2076	2077	2097	2096
2017	2018	2038	2037	2077	2078	2098	2097
2018	2019	2039	2038	2078	2079	2099	2098
2019	2020	2040	2039	2079	2080	2100	2099
2020	2021	2041	2040	2080	2081	2101	2100
2021	2022	2042	2041	2081	2082	2102	2101
2022	2023	2043	2042	2082	2083	2103	2102
2023	2024	2044	2043	2083	2084	2104	2103
2024	2025	2045	2044	2084	2085	2105	2104
2025	2026	2046	2045	2085	2086	2106	2105
2026	2027	2047	2046	2086	2087	2107	2106
2027	2028	2048	2047	2087	2088	2108	2107
2028	2029	2049	2048	2088	2089	2109	2108
2029	2030	2050	2049	2089	2090	2110	2109
2030	2031	2051	2050	2090	2091	2111	2110
2031	2032	2052	2051	2091	2092	2112	2111
2032	2033	2053	2052	2092	2093	2113	2112
2033	2034	2054	2053	2093	2094	2114	2113
2034	2035	2055	2054	2094	2095	2115	2114
2036	2037	2057	2056	2096	2097	2117	2116
2037	2038	2058	2057	2097	2098	2118	2117
2038	2039	2059	2058	2098	2099	2119	2118
2039	2040	2060	2059	2099	2100	2120	2119
2040	2041	2061	2060	2100	2101	2121	2120
2041	2042	2062	2061	2101	2102	2122	2121
2042	2043	2063	2062	2102	2103	2123	2122
2043	2044	2064	2063	2103	2104	2124	2123
2044	2045	2065	2064	2104	2105	2125	2124
2045	2046	2066	2065	2105	2106	2126	2125
2046	2047	2067	2066	2106	2107	2127	2126
2047	2048	2068	2067	2107	2108	2128	2127
2048	2049	2069	2068	2108	2109	2129	2128
2049	2050	2070	2069	2109	2110	2130	2129
2050	2051	2071	2070	2110	2111	2131	2130
2051	2052	2072	2071	2111	2112	2132	2131
2052	2053	2073	2072	2112	2113	2133	2132
2053	2054	2074	2073	2113	2114	2134	2133
2054	2055	2075	2074	2114	2115	2135	2134
1689	1690	2077	2076	1695	1696	2137	2136
1690	1691	2078	2077	1696	1697	2138	2137
1691	1692	2079	2078	1697	1698	2139	2138
1692	1693	2080	2079	1698	1699	2140	2139
1693	1694	2081	2080	1699	1700	2141	2140
1694	1616	2082	2081	1700	1624	2142	2141
1616	1617	2083	2082	1624	1625	2143	2142
1617	1618	2084	2083	1625	1626	2144	2143
1618	1619	2085	2084	1626	1627	2145	2144
1619	1620	2086	2085	1627	1628	2146	2145
1620	1621	2087	2086	1628	1629	2147	2146
1621	1622	2088	2087	1629	1630	2148	2147
1622	1623	2089	2088	1630	1631	2149	2148
1623	1752	2090	2089	1631	1758	2150	2149
1752	1753	2091	2090	1758	1759	2151	2150
1753	1754	2092	2091	1759	1760	2152	2151
1754	1755	2093	2092	1760	1761	2153	2152
1755	1756	2094	2093	1761	1762	2154	2153
1756	1757	2095	2094	1762	1763	2155	2154
2076	2077	2097	2096	2136	2137	2157	2156
2077	2078	2098	2097	2137	2138	2158	2157
2078	2079	2099	2098	2138	2139	2159	2158
2079	2080	2100	2099	2139	2140	2160	2159
2080	2081	2101	2100	2140	2141	2161	2160
2081	2082	2102	2101	2141	2142	2162	2161
2082	2083	2103	2102	2142	2143	2163	2162
2083	2084	2104	2103	2143	2144	2164	2163
2084	2085	2105	2104	2144	2145	2165	2164
2085	2086	2106	2105	2145	2146	2166	2165
2086	2087	2107	2106	2146	2147	2167	2166
2087	2088	2108	2107	2147	2148	2168	2167
2088	2089	2109	2108	2148	2149	2169	2168
2089	2090	2110	2109	2149	2150	2170	2169
2090	2091	2111	2110	2150	2151	2171	2170
2091	2092	2112	2111	2151	2152	2172	2171
2092	2093	2113	2112	2152	2153	2173	2172
2093	2094	2114	2113	2153	2154	2174	2173
2094	2095	2115	2114	2154	2155	2175	2174
2096	2097	2117	2116	2156	2157	2177	2176
2097	2098	2118	2117	2157	2158	2178	2177
2098	2099	2119	2118	2158	2159	2179	2178
2099	2100	2120	2119	2159	2160	2180	2179
2100	2101	2121	2120	2160	2161	2181	2180
2101	2102	2122	2121	2161	2162	2182	2181
2102	2103	2123	2122	2162	2163	2183	2182
2103	2104	2124	2123	2163	2164	2184	2183
2104	2105	2125	2124	2164	2165	2185	2184
2105	2106	2126	2125	2165	2166	2186	2185
2106	2107	2127	2126	2166	2167	2187	2186
2107	2108	2128	2127	2167	2168	2188	2187
2108	2109	2129	2128	2168	2169	2189	2188
2109	2110	2130	2129	2169	2170	2190	2189
2110	2111	2131	2130	2170	2171	2191	2190
2111	2112	2132	2131	2171	2172	2192	2191
2112	2113	2133	2132	2172	2173	2193	2192
2113	2114	2134	2133	2173	2174	2194	2193
2114	2115	2135	2134	2174	2175	2195	2194
1695	1696	2137	2136	1701	1702	2197	2196
1696	1697	2138	2137	1702	1703	2198	2197
1697	1698	2139	2138	1703	1704	2199	2198
1698	1699	2140	2139	1704	1705	2200	2199
1699	1700	2141	2140	1705	1706	2201	2200
1700	1624	2142	2141	1706	1632	2202	2201
1624	1625	2143	2142	1632	1633	2203	2202
1625	1626	2144	2143	1633	1634	2204	2203
1626	1627	2145	2144	1634	1635	2205	2204
1627	1628	2146	2145	1635	1636	2206	2205
1628	1629	2147	2146	1636	1637	2207	2206
1629	1630	2148	2147	1637	1638	2208	2207
1630	1631	2149	2148	1638	1639	2209	2208
1631	1758	2150	2149	1639	1764	2210	2209
1758	1759	2151	2150	1764	1765	2211	2210
1759	1760	2152	2151	1765	1766	2212	2211
1760	1761	2153	2152	1766	1767	2213	2212
1761	1762	2154	2153	1767	1768	2214	2213
1762	1763	2155	2154	1768	1769	2215	2214
2136	2137	2157	2156	2196	2197	2217	2216
2137	2138	2158	2157	2197	2198	2218	2217
2138	2139	2159	2158	2198	2199	2219	2218
2139	2140	2160	2159	2199	2200	2220	2219
2140	2141	2161	2160	2200	2201	2221	2220
2141	2142	2162	2161	2201	2202	2222	2221
2142	2143	2163	2162	2202	2203	2223	2222
2143	2144	2164	2163	2203	2204	2224	2223
2144	2145	2165	2164	2204	2205	2225	2224
2145	2146	2166	2165	2205	2206	2226	2225
2146	2147	2167	2166	2206	2207	2227	2226
2147	2148	2168	2167	2207	2208	2228	2227
2148	2149	2169	2168	2208	2209	2229	2228
2149	2150	2170	2169	2209	2210	2230	2229
2150	2151	2171	2170	2210	2211	2231	2230
2151	2152	2172	2171	2211	2212	2232	2231
2152	2153	2173	2172	2212	2213	2233	2232
2153	2154	2174	2173	2213	2214	2234	2233
2154	2155	2175	2174	2214	2215	2235	2234
2156	2157	2177	2176	2216	2217	2237	2236
2157	2158	2178	2177	2217	2218	2238	2237
2158	2159	2179	2178	2218	2219	2239	2238
2159	2160	2180	2179	2219	2220	2240	2239
2160	2161	2181	2180	2220	2221	2241	2240
2161	2162	2182	2181	2221	2222	2242	2241
2162	2163	2183	2182	2222	2223	2243	2242
2163	2164	2184	2183	2223	2224	2244	2243
2164	2165	2185	2184	2224	2225	2245	2244
2165	2166	2186	2185	2225	2226	2246	2245
2166	2167	2187	2186	2226	2227	2247	2246
2167	2168	2188	2187	2227	2228	2248	2247
2168	2169	2189	2188	2228	2229	2249	2248
2169	2170	2190	2189	2229	2230	2250	2249
2170	2171	2191	2190	2230	2231	2251	2250
2171	2172	2192	2191	2231	2232	2252	2251
2172	2173	2193	2192	2232	2233	2253	2252
2173	2174	2194	2193	2233	2234	2254	2253
2174	2175	2195	2194	2234	2235	2255	2254
1701	1702	2197	2196	1707	1708	2257	2256
1702	1703	2198	2197	1708	1709	2258	2257
1703	1704	2199	2198	1709	1710	2259	2258
1704	1705	2200	2199	1710	1711	2260	2259
1705	1706	2201	2200	1711	1712	2261	2260
1706	1632	2202	2201	1712	1640	2262	2261
1632	1633	2203	2202	1640	1641	2263	2262
1633	1634	2204	2203	1641	1642	2264	2263
1634	1635	2205	2204	1642	1643	2265	2264
1635	1636	2206	2205	1643	1644	2266	2265
1636	1637	2207	2206	1644	1645	2267	2266
1637	1638	2208	2207	1645	1646	2268	2267
1638	1639	2209	2208	1646	1647	2269	2268
1639	1764	2210	2209	1647	1770	2270	2269
1764	1765	2211	2210	1770	1771	2271	2270
1765	1766	2212	2211	1771	1772	2272	2271
1766	1767	2213	2212	1772	1773	2273	2272
1767	1768	2214	2213	1773	1774	2274	2273
1768	1769	2215	2214	1774	1775	2275	2274
2196	2197	2217	2216	2256	2257	2277	2276
2197	2198	2218	2217	2257	2258	2278	2277
2198	2199	2219	2218	2258	2259	2279	2278
2199	2200	2220	2219	2259	2260	2280	2279
2200	2201	2221	2220	2260	2261	2281	2280
2201	2202	2222	2221	2261	2262	2282	2281
2202	2203	2223	2222	2262	2263	2283	2282
2203	2204	2224	2223	2263	2264	2284	2283
2204	2205	2225	2224	2264	2265	2285	2284
2205	2206	2226	2225	2265	2266	2286	2285
2206	2207	2227	2226	2266	2267	2287	2286
2207	2208	2228	2227	2267	2268	2288	2287
2208	2209	2229	2228	2268	2269	2289	2288
2209	2210	2230	2229	2269	2270	2290	2289
2210	2211	2231	2230	2270	2271	2291	2290
2211	2212	2232	2231	2271	2272	2292	2291
2212	2213	2233	2232	2272	2273	2293	2292
2213	2214	2234	2233	2273	2274	2294	2293
2214	2215	2235	2234	2274	2275	2295	2294
2216	2217	2237	2236	2276	2277	2297	2296
2217	2218	2238	2237	2277	2278	2298	2297
2218	2219	2239	2238	2278	2279	2299	2298
2219	2220	2240	2239	2279	2280	2300	2299
2220	2221	2241	2240	2280	2281	2301	2300
2221	2222	2242	2241	2281	2282	2302	2301
2222	2223	2243	2242	2282	2283	2303	2302
2223	2224	2244	2243	2283	2284	2304	2303
2224	2225	2245	2244	2284	2285	2305	2304
2225	2226	2246	2245	2285	2286	2306	2305
2226	2227	2247	2246	2286	2287	2307	2306
2227	2228	2248	2247	2287	2288	2308	2307
2228	2229	2249	2248	2288	2289	2309	2308
2229	2230	2250	2249	2289	2290	2310	2309
2230	2231	2251	2250	2290	2291	2311	2310
2231	2232	2252	2251	2291	2292	2312	2311
2232	2233	2253	2252	2292	2293	2313	2312
2233	2234	2254	2253	2293	2294	2314	2313
2234	2235	2255	2254	2294	2295	2315	2314
1707	1708	2257	2256	1713	1714	2317	2316
1708	1709	2258	2257	1714	1715	2318	2317
1709	1710	2259	2258	1715	1716	2319	2318
1710	1711	2260	2259	1716	1717	2320	2319
1711	1712	2261	2260	1717	1718	2321	2320
1712	1640	2262	2261	1718	1648	2322	2321
1640	1641	2263	2262	1648	1649	2323	2322
1641	1642	2264	2263	1649	1650	2324	2323
1642	1643	2265	2264	1650	1651	2325	2324
1643	1644	2266	2265	1651	1652	2326	2325
1644	1645	2267	2266	1652	1653	2327	2326
1645	1646	2268	2267	1653	1654	2328	2327
1646	1647	2269	2268	1654	1655	2329	2328
1647	1770	2270	2269	1655	1776	2330	2329
1770	1771	2271	2270	1776	1777	2331	2330
1771	1772	2272	2271	1777	1778	2332	2331
1772	1773	2273	2272	1778	1779	2333	2332
1773	1774	2274	2273	1779	1780	2334	2333
1774	1775	2275	2274	1780	1781	2335	2334
2256	2257	2277	2276	2316	2317	2337	2336
2257	2258	2278	2277	2317	2318	2338	2337
2258	2259	2279	2278	2318	2319	2339	2338
2259	2260	2280	2279	2319	2320	2340	2339
2260	2261	2281	2280	2320	2321	2341	2340
2261	2262	2282	2281	2321	2322	2342	2341
2262	2263	2283	2282	2322	2323	2343	2342
2263	2264	2284	2283	2323	2324	2344	2343
2264	2265	2285	2284	2324	2325	2345	2344
2265	2266	2286	2285	2325	2326	2346	2345
2266	2267	2287	2286	2326	2327	2347	2346
2267	2268	2288	2287	2327	2328	2348	2347
2268	2269	2289	2288	2328	2329	2349	2348
2269	2270	2290	2289	2329	2330	2350	2349
2270	2271	2291	2290	2330	2331	2351	2350
2271	2272	2292	2291	2331	2332	2352	2351
2272	2273	2293	2292	2332	2333	2353	2352
2273	2274	2294	2293	2333	2334	2354	2353
2274	2275	2295	2294	2334	2335	2355	2354
2276	2277	2297	2296	2336	2337	2357	2356
2277	2278	2298	2297	2337	2338	2358	2357
2278	2279	2299	2298	2338	2339	2359	2358
2279	2280	2300	2299	2339	2340	2360	2359
2280	2281	2301	2300	2340	2341	2361	2360
2281	2282	2302	2301	2341	2342	2362	2361
2282	2283	2303	2302	2342	2343	2363	2362
2283	2284	2304	2303	2343	2344	2364	2363
2284	2285	2305	2304	2344	2345	2365	2364
2285	2286	2306	2305	2345	2346	2366	2365
2286	2287	2307	2306	2346	2347	2367	2366
2287	2288	2308	2307	2347	2348	2368	2367
2288	2289	2309	2308	2348	2349	2369	2368
2289	2290	2310	2309	2349	2350	2370	2369
2290	2291	2311	2310	2350	2351	2371	2370
2291	2292	2312	2311	2351	2352	2372	2371
2292	2293	2313	2312	2352	2353	2373	2372
2293	2294	2314	2313	2353	2354	2374	2373
2294	2295	2315	2314	2354	2355	2375	2374
1319	1320	1609	1608	1337	1338	1878	1674
1320	1321	1610	1609	1338	1339	1879	1878
1321	1322	1611	1610	1339	1340	1880	1879
1322	1323	1612	1611	1340	1341	1881	1880
1323	1324	1613	1612	1341	1342	1882	1881
1324	1325	1614	1613	1342	1343	1883	1882
1325	1326	1615	1614	1343	1344	1731	1883
1337	1338	1878	1674	1355	1356	1944	1681
1338	1339	1879	1878	1356	1357	1945	1944
1339	1340	1880	1879	1357	1358	1946	1945
1340	1341	1881	1880	1358	1359	1947	1946
1341	1342	1882	1881	1359	1360	1948	1947
1342	1343	1883	1882	1360	1361	1949	1948
1343	1344	1731	1883	1361	1362	1738	1949
1355	1356	1944	1681	1373	1374	2010	1688
1356	1357	1945	1944	1374	1375	2011	2010
1357	1358	1946	1945	1375	1376	2012	2011
1358	1359	1947	1946	1376	1377	2013	2012
1359	1360	1948	1947	1377	1378	2014	2013
1360	1361	1949	1948	1378	1379	2015	2014
1361	1362	1738	1949	1379	1380	1745	2015
1373	1374	2010	1688	1391	1392	1617	1616
1374	1375	2011	2010	1392	1393	1618	1617
1375	1376	2012	2011	1393	1394	1619	1618
1376	1377	2013	2012	1394	1395	1620	1619
1377	1378	2014	2013	1395	1396	1621	1620
1378	1379	2015	2014	1396	1397	1622	1621
1379	1380	1745	2015	1397	1398	1623	1622
