0	-100	0
12.2019	-100	0
14.5045	-100	0
19.3049	-100	0
31.3041	-100	0
36.1045	-100	0
49.7044	-100	0
52.7041	-100	0
68.9037	-100	0
73.7037	-100	0
85.7021	-100	0
90.502	-100	0
106.698	-100	0
109.7	-100	0
123.3	-100	0
128.1	-100	0
140.1	-100	0
144.9	-100	0
147.203	-100	0
159.401	-100	0
1000	-100	0
0	0	0
12.2019	0	0
14.5045	0	0
19.3049	0	0
31.3041	0	0
36.1045	0	0
49.7044	0	0
52.7041	0	0
68.9037	0	0
73.7037	0	0
85.7021	0	0
90.502	0	0
106.698	0	0
109.7	0	0
123.3	0	0
128.1	0	0
140.1	0	0
144.9	0	0
147.203	0	0
159.401	0	0
1000	0	0
0	-100	30.0011
12.2019	-100	30.0011
14.5045	-100	30.0011
19.3049	-100	30.0011
31.3041	-100	30.0011
36.1045	-100	30.0011
49.7044	-100	30.0011
52.7041	-100	30.0011
68.9037	-100	30.0011
73.7037	-100	30.0011
85.7021	-100	30.0011
90.502	-100	30.0011
106.698	-100	30.0011
109.7	-100	30.0011
123.3	-100	30.0011
128.1	-100	30.0011
140.1	-100	30.0011
144.9	-100	30.0011
147.203	-100	30.0011
159.401	-100	30.0011
1000	-100	30.0011
0	0	30.0011
12.2019	0	30.0011
14.5045	0	30.0011
19.3049	0	30.0011
31.3041	0	30.0011
36.1045	0	30.0011
49.7044	0	30.0011
52.7041	0	30.0011
68.9037	0	30.0011
73.7037	0	30.0011
85.7021	0	30.0011
90.502	0	30.0011
106.698	0	30.0011
109.7	0	30.0011
123.3	0	30.0011
128.1	0	30.0011
140.1	0	30.0011
144.9	0	30.0011
147.203	0	30.0011
159.401	0	30.0011
1000	0	30.0011
0	-100	40.0011
12.2019	-100	40.0011
14.5045	-100	40.0011
19.3049	-100	40.0011
31.3041	-100	40.0011
36.1045	-100	40.0011
49.7044	-100	40.0011
52.7041	-100	40.0011
68.9037	-100	40.0011
73.7037	-100	40.0011
85.7021	-100	40.0011
90.502	-100	40.0011
106.698	-100	40.0011
109.7	-100	40.0011
123.3	-100	40.0011
128.1	-100	40.0011
140.1	-100	40.0011
144.9	-100	40.0011
147.203	-100	40.0011
159.401	-100	40.0011
1000	-100	40.0011
0	0	40.0011
12.2019	0	40.0011
14.5045	0	40.0011
19.3049	0	40.0011
31.3041	0	40.0011
36.1045	0	40.0011
49.7044	0	40.0011
52.7041	0	40.0011
68.9037	0	40.0011
73.7037	0	40.0011
85.7021	0	40.0011
90.502	0	40.0011
106.698	0	40.0011
109.7	0	40.0011
123.3	0	40.0011
128.1	0	40.0011
140.1	0	40.0011
144.9	0	40.0011
147.203	0	40.0011
159.401	0	40.0011
1000	0	40.0011
0	-100	42.6022
12.2019	-100	42.6022
14.5045	-100	42.6022
19.3049	-100	42.6022
31.3041	-100	42.6022
36.1045	-100	42.6022
49.7044	-100	42.6022
52.7041	-100	42.6022
68.9037	-100	42.6022
73.7037	-100	42.6022
85.7021	-100	42.6022
90.502	-100	42.6022
106.698	-100	42.6022
109.7	-100	42.6022
123.3	-100	42.6022
128.1	-100	42.6022
140.1	-100	42.6022
144.9	-100	42.6022
147.203	-100	42.6022
159.401	-100	42.6022
1000	-100	42.6022
0	0	42.6022
12.2019	0	42.6022
14.5045	0	42.6022
19.3049	0	42.6022
31.3041	0	42.6022
36.1045	0	42.6022
49.7044	0	42.6022
52.7041	0	42.6022
68.9037	0	42.6022
73.7037	0	42.6022
85.7021	0	42.6022
90.502	0	42.6022
106.698	0	42.6022
109.7	0	42.6022
123.3	0	42.6022
128.1	0	42.6022
140.1	0	42.6022
144.9	0	42.6022
147.203	0	42.6022
159.401	0	42.6022
1000	0	42.6022
0	-100	50.0091
12.2019	-100	50.0091
14.5045	-100	50.0091
19.3049	-100	50.0091
31.3041	-100	50.0091
36.1045	-100	50.0091
49.7044	-100	50.0091
52.7041	-100	50.0091
68.9037	-100	50.0091
73.7037	-100	50.0091
85.7021	-100	50.0091
90.502	-100	50.0091
106.698	-100	50.0091
109.7	-100	50.0091
123.3	-100	50.0091
128.1	-100	50.0091
140.1	-100	50.0091
144.9	-100	50.0091
147.203	-100	50.0091
159.401	-100	50.0091
1000	-100	50.0091
0	0	50.0091
12.2019	0	50.0091
14.5045	0	50.0091
19.3049	0	50.0091
31.3041	0	50.0091
36.1045	0	50.0091
49.7044	0	50.0091
52.7041	0	50.0091
68.9037	0	50.0091
73.7037	0	50.0091
85.7021	0	50.0091
90.502	0	50.0091
106.698	0	50.0091
109.7	0	50.0091
123.3	0	50.0091
128.1	0	50.0091
140.1	0	50.0091
144.9	0	50.0091
147.203	0	50.0091
159.401	0	50.0091
1000	0	50.0091
0	-100	53.0065
12.2019	-100	53.0065
14.5045	-100	53.0065
19.3049	-100	53.0065
31.3041	-100	53.0065
36.1045	-100	53.0065
49.7044	-100	53.0065
52.7041	-100	53.0065
68.9037	-100	53.0065
73.7037	-100	53.0065
85.7021	-100	53.0065
90.502	-100	53.0065
106.698	-100	53.0065
109.7	-100	53.0065
123.3	-100	53.0065
128.1	-100	53.0065
140.1	-100	53.0065
144.9	-100	53.0065
147.203	-100	53.0065
159.401	-100	53.0065
1000	-100	53.0065
0	0	53.0065
12.2019	0	53.0065
14.5045	0	53.0065
19.3049	0	53.0065
31.3041	0	53.0065
36.1045	0	53.0065
49.7044	0	53.0065
52.7041	0	53.0065
68.9037	0	53.0065
73.7037	0	53.0065
85.7021	0	53.0065
90.502	0	53.0065
106.698	0	53.0065
109.7	0	53.0065
123.3	0	53.0065
128.1	0	53.0065
140.1	0	53.0065
144.9	0	53.0065
147.203	0	53.0065
159.401	0	53.0065
1000	0	53.0065
0	-100	100.001
12.2019	-100	100.001
14.5045	-100	100.001
19.3049	-100	100.001
31.3041	-100	100.001
36.1045	-100	100.001
49.7044	-100	100.001
52.7041	-100	100.001
68.9037	-100	100.001
73.7037	-100	100.001
85.7021	-100	100.001
90.502	-100	100.001
106.698	-100	100.001
109.7	-100	100.001
123.3	-100	100.001
128.1	-100	100.001
140.1	-100	100.001
144.9	-100	100.001
147.203	-100	100.001
159.401	-100	100.001
1000	-100	100.001
0	0	100.001
12.2019	0	100.001
14.5045	0	100.001
19.3049	0	100.001
31.3041	0	100.001
36.1045	0	100.001
49.7044	0	100.001
52.7041	0	100.001
68.9037	0	100.001
73.7037	0	100.001
85.7021	0	100.001
90.502	0	100.001
106.698	0	100.001
109.7	0	100.001
123.3	0	100.001
128.1	0	100.001
140.1	0	100.001
144.9	0	100.001
147.203	0	100.001
159.401	0	100.001
1000	0	100.001
0	-100	107.003
12.2019	-100	107.003
14.5045	-100	107.003
19.3049	-100	107.003
31.3041	-100	107.003
36.1045	-100	107.003
49.7044	-100	107.003
52.7041	-100	107.003
68.9037	-100	107.003
73.7037	-100	107.003
85.7021	-100	107.003
90.502	-100	107.003
106.698	-100	107.003
109.7	-100	107.003
123.3	-100	107.003
128.1	-100	107.003
140.1	-100	107.003
144.9	-100	107.003
147.203	-100	107.003
159.401	-100	107.003
1000	-100	107.003
0	0	107.003
12.2019	0	107.003
14.5045	0	107.003
19.3049	0	107.003
31.3041	0	107.003
36.1045	0	107.003
49.7044	0	107.003
52.7041	0	107.003
68.9037	0	107.003
73.7037	0	107.003
85.7021	0	107.003
90.502	0	107.003
106.698	0	107.003
109.7	0	107.003
123.3	0	107.003
128.1	0	107.003
140.1	0	107.003
144.9	0	107.003
147.203	0	107.003
159.401	0	107.003
1000	0	107.003
0	-100	110.001
12.2019	-100	110.001
14.5045	-100	110.001
19.3049	-100	110.001
31.3041	-100	110.001
36.1045	-100	110.001
49.7044	-100	110.001
52.7041	-100	110.001
68.9037	-100	110.001
73.7037	-100	110.001
85.7021	-100	110.001
90.502	-100	110.001
106.698	-100	110.001
109.7	-100	110.001
123.3	-100	110.001
128.1	-100	110.001
140.1	-100	110.001
144.9	-100	110.001
147.203	-100	110.001
159.401	-100	110.001
1000	-100	110.001
0	0	110.001
12.2019	0	110.001
14.5045	0	110.001
19.3049	0	110.001
31.3041	0	110.001
36.1045	0	110.001
49.7044	0	110.001
52.7041	0	110.001
68.9037	0	110.001
73.7037	0	110.001
85.7021	0	110.001
90.502	0	110.001
106.698	0	110.001
109.7	0	110.001
123.3	0	110.001
128.1	0	110.001
140.1	0	110.001
144.9	0	110.001
147.203	0	110.001
159.401	0	110.001
1000	0	110.001
0	-100	140.001
12.2019	-100	140.001
14.5045	-100	140.001
19.3049	-100	140.001
31.3041	-100	140.001
36.1045	-100	140.001
49.7044	-100	140.001
52.7041	-100	140.001
68.9037	-100	140.001
73.7037	-100	140.001
85.7021	-100	140.001
90.502	-100	140.001
106.698	-100	140.001
109.7	-100	140.001
123.3	-100	140.001
128.1	-100	140.001
140.1	-100	140.001
144.9	-100	140.001
147.203	-100	140.001
159.401	-100	140.001
1000	-100	140.001
0	0	140.001
12.2019	0	140.001
14.5045	0	140.001
19.3049	0	140.001
31.3041	0	140.001
36.1045	0	140.001
49.7044	0	140.001
52.7041	0	140.001
68.9037	0	140.001
73.7037	0	140.001
85.7021	0	140.001
90.502	0	140.001
106.698	0	140.001
109.7	0	140.001
123.3	0	140.001
128.1	0	140.001
140.1	0	140.001
144.9	0	140.001
147.203	0	140.001
159.401	0	140.001
1000	0	140.001
0	-100	200
12.2019	-100	200
14.5045	-100	200
19.3049	-100	200
31.3041	-100	200
36.1045	-100	200
49.7044	-100	200
52.7041	-100	200
68.9037	-100	200
73.7037	-100	200
85.7021	-100	200
90.502	-100	200
106.698	-100	200
109.7	-100	200
123.3	-100	200
128.1	-100	200
140.1	-100	200
144.9	-100	200
147.203	-100	200
159.401	-100	200
1000	-100	200
0	0	200
12.2019	0	200
14.5045	0	200
19.3049	0	200
31.3041	0	200
36.1045	0	200
49.7044	0	200
52.7041	0	200
68.9037	0	200
73.7037	0	200
85.7021	0	200
90.502	0	200
106.698	0	200
109.7	0	200
123.3	0	200
128.1	0	200
140.1	0	200
144.9	0	200
147.203	0	200
159.401	0	200
1000	0	200
0	-100	209.501
12.2019	-100	209.501
14.5045	-100	209.501
19.3049	-100	209.501
31.3041	-100	209.501
36.1045	-100	209.501
49.7044	-100	209.501
52.7041	-100	209.501
68.9037	-100	209.501
73.7037	-100	209.501
85.7021	-100	209.501
90.502	-100	209.501
106.698	-100	209.501
109.7	-100	209.501
123.3	-100	209.501
128.1	-100	209.501
140.1	-100	209.501
144.9	-100	209.501
147.203	-100	209.501
159.401	-100	209.501
1000	-100	209.501
0	0	209.501
12.2019	0	209.501
14.5045	0	209.501
19.3049	0	209.501
31.3041	0	209.501
36.1045	0	209.501
49.7044	0	209.501
52.7041	0	209.501
68.9037	0	209.501
73.7037	0	209.501
85.7021	0	209.501
90.502	0	209.501
106.698	0	209.501
109.7	0	209.501
123.3	0	209.501
128.1	0	209.501
140.1	0	209.501
144.9	0	209.501
147.203	0	209.501
159.401	0	209.501
1000	0	209.501
0	-100	240
12.2019	-100	240
14.5045	-100	240
19.3049	-100	240
31.3041	-100	240
36.1045	-100	240
49.7044	-100	240
52.7041	-100	240
68.9037	-100	240
73.7037	-100	240
85.7021	-100	240
90.502	-100	240
106.698	-100	240
109.7	-100	240
123.3	-100	240
128.1	-100	240
140.1	-100	240
144.9	-100	240
147.203	-100	240
159.401	-100	240
1000	-100	240
0	0	240
12.2019	0	240
14.5045	0	240
19.3049	0	240
31.3041	0	240
36.1045	0	240
49.7044	0	240
52.7041	0	240
68.9037	0	240
73.7037	0	240
85.7021	0	240
90.502	0	240
106.698	0	240
109.7	0	240
123.3	0	240
128.1	0	240
140.1	0	240
144.9	0	240
147.203	0	240
159.401	0	240
1000	0	240
0	-100	300
12.2019	-100	300
14.5045	-100	300
19.3049	-100	300
31.3041	-100	300
36.1045	-100	300
49.7044	-100	300
52.7041	-100	300
68.9037	-100	300
73.7037	-100	300
85.7021	-100	300
90.502	-100	300
106.698	-100	300
109.7	-100	300
123.3	-100	300
128.1	-100	300
140.1	-100	300
144.9	-100	300
147.203	-100	300
159.401	-100	300
1000	-100	300
0	0	300
12.2019	0	300
14.5045	0	300
19.3049	0	300
31.3041	0	300
36.1045	0	300
49.7044	0	300
52.7041	0	300
68.9037	0	300
73.7037	0	300
85.7021	0	300
90.502	0	300
106.698	0	300
109.7	0	300
123.3	0	300
128.1	0	300
140.1	0	300
144.9	0	300
147.203	0	300
159.401	0	300
1000	0	300
0	-100	340
12.2019	-100	340
14.5045	-100	340
19.3049	-100	340
31.3041	-100	340
36.1045	-100	340
49.7044	-100	340
52.7041	-100	340
68.9037	-100	340
73.7037	-100	340
85.7021	-100	340
90.502	-100	340
106.698	-100	340
109.7	-100	340
123.3	-100	340
128.1	-100	340
140.1	-100	340
144.9	-100	340
147.203	-100	340
159.401	-100	340
1000	-100	340
0	0	340
12.2019	0	340
14.5045	0	340
19.3049	0	340
31.3041	0	340
36.1045	0	340
49.7044	0	340
52.7041	0	340
68.9037	0	340
73.7037	0	340
85.7021	0	340
90.502	0	340
106.698	0	340
109.7	0	340
123.3	0	340
128.1	0	340
140.1	0	340
144.9	0	340
147.203	0	340
159.401	0	340
1000	0	340
0	-100	400
12.2019	-100	400
14.5045	-100	400
19.3049	-100	400
31.3041	-100	400
36.1045	-100	400
49.7044	-100	400
52.7041	-100	400
68.9037	-100	400
73.7037	-100	400
85.7021	-100	400
90.502	-100	400
106.698	-100	400
109.7	-100	400
123.3	-100	400
128.1	-100	400
140.1	-100	400
144.9	-100	400
147.203	-100	400
159.401	-100	400
1000	-100	400
0	0	400
12.2019	0	400
14.5045	0	400
19.3049	0	400
31.3041	0	400
36.1045	0	400
49.7044	0	400
52.7041	0	400
68.9037	0	400
73.7037	0	400
85.7021	0	400
90.502	0	400
106.698	0	400
109.7	0	400
123.3	0	400
128.1	0	400
140.1	0	400
144.9	0	400
147.203	0	400
159.401	0	400
1000	0	400
0	-100	440
12.2019	-100	440
14.5045	-100	440
19.3049	-100	440
31.3041	-100	440
36.1045	-100	440
49.7044	-100	440
52.7041	-100	440
68.9037	-100	440
73.7037	-100	440
85.7021	-100	440
90.502	-100	440
106.698	-100	440
109.7	-100	440
123.3	-100	440
128.1	-100	440
140.1	-100	440
144.9	-100	440
147.203	-100	440
159.401	-100	440
1000	-100	440
0	0	440
12.2019	0	440
14.5045	0	440
19.3049	0	440
31.3041	0	440
36.1045	0	440
49.7044	0	440
52.7041	0	440
68.9037	0	440
73.7037	0	440
85.7021	0	440
90.502	0	440
106.698	0	440
109.7	0	440
123.3	0	440
128.1	0	440
140.1	0	440
144.9	0	440
147.203	0	440
159.401	0	440
1000	0	440
0	-100	499.999
12.2019	-100	499.999
14.5045	-100	499.999
19.3049	-100	499.999
31.3041	-100	499.999
36.1045	-100	499.999
49.7044	-100	499.999
52.7041	-100	499.999
68.9037	-100	499.999
73.7037	-100	499.999
85.7021	-100	499.999
90.502	-100	499.999
106.698	-100	499.999
109.7	-100	499.999
123.3	-100	499.999
128.1	-100	499.999
140.1	-100	499.999
144.9	-100	499.999
147.203	-100	499.999
159.401	-100	499.999
1000	-100	499.999
0	0	499.999
12.2019	0	499.999
14.5045	0	499.999
19.3049	0	499.999
31.3041	0	499.999
36.1045	0	499.999
49.7044	0	499.999
52.7041	0	499.999
68.9037	0	499.999
73.7037	0	499.999
85.7021	0	499.999
90.502	0	499.999
106.698	0	499.999
109.7	0	499.999
123.3	0	499.999
128.1	0	499.999
140.1	0	499.999
144.9	0	499.999
147.203	0	499.999
159.401	0	499.999
1000	0	499.999
0	-100	539.999
12.2019	-100	539.999
14.5045	-100	539.999
19.3049	-100	539.999
31.3041	-100	539.999
36.1045	-100	539.999
49.7044	-100	539.999
52.7041	-100	539.999
68.9037	-100	539.999
73.7037	-100	539.999
85.7021	-100	539.999
90.502	-100	539.999
106.698	-100	539.999
109.7	-100	539.999
123.3	-100	539.999
128.1	-100	539.999
140.1	-100	539.999
144.9	-100	539.999
147.203	-100	539.999
159.401	-100	539.999
1000	-100	539.999
0	0	539.999
12.2019	0	539.999
14.5045	0	539.999
19.3049	0	539.999
31.3041	0	539.999
36.1045	0	539.999
49.7044	0	539.999
52.7041	0	539.999
68.9037	0	539.999
73.7037	0	539.999
85.7021	0	539.999
90.502	0	539.999
106.698	0	539.999
109.7	0	539.999
123.3	0	539.999
128.1	0	539.999
140.1	0	539.999
144.9	0	539.999
147.203	0	539.999
159.401	0	539.999
1000	0	539.999
0	-100	619.999
12.2019	-100	619.999
14.5045	-100	619.999
19.3049	-100	619.999
31.3041	-100	619.999
36.1045	-100	619.999
49.7044	-100	619.999
52.7041	-100	619.999
68.9037	-100	619.999
73.7037	-100	619.999
85.7021	-100	619.999
90.502	-100	619.999
106.698	-100	619.999
109.7	-100	619.999
123.3	-100	619.999
128.1	-100	619.999
140.1	-100	619.999
144.9	-100	619.999
147.203	-100	619.999
159.401	-100	619.999
1000	-100	619.999
0	0	619.999
12.2019	0	619.999
14.5045	0	619.999
19.3049	0	619.999
31.3041	0	619.999
36.1045	0	619.999
49.7044	0	619.999
52.7041	0	619.999
68.9037	0	619.999
73.7037	0	619.999
85.7021	0	619.999
90.502	0	619.999
106.698	0	619.999
109.7	0	619.999
123.3	0	619.999
128.1	0	619.999
140.1	0	619.999
144.9	0	619.999
147.203	0	619.999
159.401	0	619.999
1000	0	619.999
0	-100	660
12.2019	-100	660
14.5045	-100	660
19.3049	-100	660
31.3041	-100	660
36.1045	-100	660
49.7044	-100	660
52.7041	-100	660
68.9037	-100	660
73.7037	-100	660
85.7021	-100	660
90.502	-100	660
106.698	-100	660
109.7	-100	660
123.3	-100	660
128.1	-100	660
140.1	-100	660
144.9	-100	660
147.203	-100	660
159.401	-100	660
1000	-100	660
0	0	660
12.2019	0	660
14.5045	0	660
19.3049	0	660
31.3041	0	660
36.1045	0	660
49.7044	0	660
52.7041	0	660
68.9037	0	660
73.7037	0	660
85.7021	0	660
90.502	0	660
106.698	0	660
109.7	0	660
123.3	0	660
128.1	0	660
140.1	0	660
144.9	0	660
147.203	0	660
159.401	0	660
1000	0	660
0	-500	0
12.2037	-500	0
14.5064	-500	0
19.3067	-500	0
31.3059	-500	0
36.1063	-500	0
49.7061	-500	0
52.7059	-500	0
68.9054	-500	0
73.7054	-500	0
85.7037	-500	0
90.5037	-500	0
106.7	-500	0
109.702	-500	0
123.302	-500	0
128.102	-500	0
140.101	-500	0
144.902	-500	0
147.204	-500	0
159.403	-500	0
1000	-500	0
0	-500	30.0012
12.2037	-500	30.0012
14.5064	-500	30.0012
19.3067	-500	30.0012
31.3059	-500	30.0012
36.1063	-500	30.0012
49.7061	-500	30.0012
52.7059	-500	30.0012
68.9054	-500	30.0012
73.7054	-500	30.0012
85.7037	-500	30.0012
90.5037	-500	30.0012
106.7	-500	30.0012
109.702	-500	30.0012
123.302	-500	30.0012
128.102	-500	30.0012
140.101	-500	30.0012
144.902	-500	30.0012
147.204	-500	30.0012
159.403	-500	30.0012
1000	-500	30.0012
0	-500	40
12.2037	-500	40
14.5064	-500	40
19.3067	-500	40
31.3059	-500	40
36.1063	-500	40
49.7061	-500	40
52.7059	-500	40
68.9054	-500	40
73.7054	-500	40
85.7037	-500	40
90.5037	-500	40
106.7	-500	40
109.702	-500	40
123.302	-500	40
128.102	-500	40
140.101	-500	40
144.902	-500	40
147.204	-500	40
159.403	-500	40
1000	-500	40
0	-500	100
12.2037	-500	100
14.5064	-500	100
19.3067	-500	100
31.3059	-500	100
36.1062	-500	100
49.7061	-500	100
52.7058	-500	100
68.9054	-500	100
73.7053	-500	100
85.7036	-500	100
90.5036	-500	100
106.7	-500	100
109.702	-500	100
123.302	-500	100
128.102	-500	100
140.101	-500	100
144.901	-500	100
147.204	-500	100
159.403	-500	100
1000	-500	100
0	-500	107.003
12.2037	-500	107.003
14.5064	-500	107.003
19.3067	-500	107.003
31.3059	-500	107.003
36.1062	-500	107.003
49.7061	-500	107.003
52.7058	-500	107.003
68.9054	-500	107.003
73.7053	-500	107.003
85.7036	-500	107.003
90.5036	-500	107.003
106.7	-500	107.003
109.702	-500	107.003
123.302	-500	107.003
128.102	-500	107.003
140.101	-500	107.003
144.901	-500	107.003
147.204	-500	107.003
159.403	-500	107.003
1000	-500	107.003
0	-500	110.001
12.2037	-500	110.001
14.5064	-500	110.001
19.3067	-500	110.001
31.3059	-500	110.001
36.1062	-500	110.001
49.7061	-500	110.001
52.7058	-500	110.001
68.9054	-500	110.001
73.7053	-500	110.001
85.7036	-500	110.001
90.5036	-500	110.001
106.7	-500	110.001
109.702	-500	110.001
123.302	-500	110.001
128.102	-500	110.001
140.101	-500	110.001
144.901	-500	110.001
147.204	-500	110.001
159.403	-500	110.001
1000	-500	110.001
0	-500	140
12.2037	-500	140
14.5064	-500	140
19.3067	-500	140
31.3059	-500	140
36.1062	-500	140
49.7061	-500	140
52.7058	-500	140
68.9054	-500	140
73.7053	-500	140
85.7036	-500	140
90.5036	-500	140
106.7	-500	140
109.702	-500	140
123.302	-500	140
128.102	-500	140
140.101	-500	140
144.901	-500	140
147.204	-500	140
159.403	-500	140
1000	-500	140
0	-500	200
12.2037	-500	200
14.5064	-500	200
19.3067	-500	200
31.3059	-500	200
36.1062	-500	200
49.7061	-500	200
52.7058	-500	200
68.9054	-500	200
73.7053	-500	200
85.7036	-500	200
90.5036	-500	200
106.7	-500	200
109.702	-500	200
123.302	-500	200
128.102	-500	200
140.101	-500	200
144.901	-500	200
147.204	-500	200
159.403	-500	200
1000	-500	200
0	-500	209.501
12.2037	-500	209.501
14.5064	-500	209.501
19.3067	-500	209.501
31.3059	-500	209.501
36.1062	-500	209.501
49.7061	-500	209.501
52.7058	-500	209.501
68.9054	-500	209.501
73.7053	-500	209.501
85.7036	-500	209.501
90.5036	-500	209.501
106.7	-500	209.501
109.702	-500	209.501
123.302	-500	209.501
128.102	-500	209.501
140.101	-500	209.501
144.901	-500	209.501
147.204	-500	209.501
159.403	-500	209.501
1000	-500	209.501
0	-500	240
12.2037	-500	240
14.5064	-500	240
19.3067	-500	240
31.3059	-500	240
36.1062	-500	240
49.7061	-500	240
52.7058	-500	240
68.9054	-500	240
73.7053	-500	240
85.7036	-500	240
90.5036	-500	240
106.7	-500	240
109.702	-500	240
123.302	-500	240
128.102	-500	240
140.101	-500	240
144.901	-500	240
147.204	-500	240
159.403	-500	240
1000	-500	240
0	-500	300
12.2037	-500	300
14.5064	-500	300
19.3067	-500	300
31.3059	-500	300
36.1062	-500	300
49.7061	-500	300
52.7058	-500	300
68.9054	-500	300
73.7053	-500	300
85.7036	-500	300
90.5036	-500	300
106.7	-500	300
109.702	-500	300
123.302	-500	300
128.102	-500	300
140.101	-500	300
144.901	-500	300
147.204	-500	300
159.403	-500	300
1000	-500	300
0	-500	340
12.2037	-500	340
14.5064	-500	340
19.3067	-500	340
31.3059	-500	340
36.1062	-500	340
49.7061	-500	340
52.7058	-500	340
68.9054	-500	340
73.7053	-500	340
85.7036	-500	340
90.5036	-500	340
106.7	-500	340
109.702	-500	340
123.302	-500	340
128.102	-500	340
140.101	-500	340
144.901	-500	340
147.204	-500	340
159.403	-500	340
1000	-500	340
0	-500	400
12.2037	-500	400
14.5064	-500	400
19.3067	-500	400
31.3059	-500	400
36.1062	-500	400
49.7061	-500	400
52.7058	-500	400
68.9054	-500	400
73.7053	-500	400
85.7036	-500	400
90.5036	-500	400
106.7	-500	400
109.702	-500	400
123.302	-500	400
128.102	-500	400
140.101	-500	400
144.901	-500	400
147.204	-500	400
159.403	-500	400
1000	-500	400
0	-500	440
12.2037	-500	440
14.5064	-500	440
19.3067	-500	440
31.3059	-500	440
36.1062	-500	440
49.7061	-500	440
52.7058	-500	440
68.9054	-500	440
73.7053	-500	440
85.7036	-500	440
90.5036	-500	440
106.7	-500	440
109.702	-500	440
123.302	-500	440
128.102	-500	440
140.101	-500	440
144.901	-500	440
147.204	-500	440
159.403	-500	440
1000	-500	440
0	-500	500
12.2037	-500	500
14.5064	-500	500
19.3067	-500	500
31.3059	-500	500
36.1062	-500	500
49.7061	-500	500
52.7058	-500	500
68.9054	-500	500
73.7053	-500	500
85.7036	-500	500
90.5036	-500	500
106.7	-500	500
109.702	-500	500
123.302	-500	500
128.102	-500	500
140.101	-500	500
144.901	-500	500
147.204	-500	500
159.403	-500	500
1000	-500	500
0	-500	540
12.2037	-500	540
14.5064	-500	540
19.3067	-500	540
31.3059	-500	540
36.1062	-500	540
49.7061	-500	540
52.7058	-500	540
68.9054	-500	540
73.7053	-500	540
85.7036	-500	540
90.5036	-500	540
106.7	-500	540
109.702	-500	540
123.302	-500	540
128.102	-500	540
140.101	-500	540
144.901	-500	540
147.204	-500	540
159.403	-500	540
1000	-500	540
0	-500	620
12.2028	-500	620
14.5054	-500	620
19.3058	-500	620
31.305	-500	620
36.1053	-500	620
49.7052	-500	620
52.7049	-500	620
68.9045	-500	620
73.7045	-500	620
85.7028	-500	620
90.5027	-500	620
106.699	-500	620
109.701	-500	620
123.301	-500	620
128.101	-500	620
140.1	-500	620
144.901	-500	620
147.203	-500	620
159.402	-500	620
1000	-500	620
0	-500	660
12.2028	-500	660
14.5054	-500	660
19.3058	-500	660
31.305	-500	660
36.1053	-500	660
49.7052	-500	660
52.7049	-500	660
68.9045	-500	660
73.7045	-500	660
85.7028	-500	660
90.5027	-500	660
106.699	-500	660
109.701	-500	660
123.301	-500	660
128.101	-500	660
140.1	-500	660
144.901	-500	660
147.203	-500	660
159.402	-500	660
1000	-500	660
12.2	15	30
14.5026	15	30
19.303	15	30
31.3021	15	30
36.1024	15	30
49.7023	15	30
52.702	15	30
68.9015	15	30
73.7015	15	30
85.6997	15	30
90.4997	15	30
106.696	15	30
109.698	15	30
123.298	15	30
128.098	15	30
140.097	15	30
144.897	15	30
147.2	15	30
12.2	15	40.0027
14.5026	15	40.0027
19.303	15	40.0027
31.3021	15	40.0027
36.1024	15	40.0027
49.7023	15	40.0027
52.702	15	40.0027
68.9015	15	40.0027
73.7015	15	40.0027
85.6997	15	40.0027
90.4997	15	40.0027
106.696	15	40.0027
109.698	15	40.0027
123.298	15	40.0027
128.098	15	40.0027
140.097	15	40.0027
144.897	15	40.0027
147.2	15	40.0027
12.2	15	42.6011
14.5026	15	42.6011
19.303	15	42.6011
31.3021	15	42.6011
36.1024	15	42.6011
49.7023	15	42.6011
52.702	15	42.6011
68.9015	15	42.6011
73.7015	15	42.6011
85.6997	15	42.6011
90.4997	15	42.6011
106.696	15	42.6011
109.698	15	42.6011
123.298	15	42.6011
128.098	15	42.6011
140.097	15	42.6011
144.897	15	42.6011
147.2	15	42.6011
12.2	15	50.008
14.5026	15	50.008
19.303	15	50.008
31.3021	15	50.008
36.1024	15	50.008
49.7023	15	50.008
52.702	15	50.008
68.9015	15	50.008
73.7015	15	50.008
85.6997	15	50.008
90.4997	15	50.008
106.696	15	50.008
109.698	15	50.008
123.298	15	50.008
128.098	15	50.008
140.097	15	50.008
144.897	15	50.008
147.2	15	50.008
12.2	15	53.0054
14.5026	15	53.0054
19.303	15	53.0054
31.3021	15	53.0054
36.1024	15	53.0054
49.7023	15	53.0054
52.702	15	53.0054
68.9015	15	53.0054
73.7015	15	53.0054
85.6997	15	53.0054
90.4997	15	53.0054
106.696	15	53.0054
109.698	15	53.0054
123.298	15	53.0054
128.098	15	53.0054
140.097	15	53.0054
144.897	15	53.0054
147.2	15	53.0054
12.2	15	100.002
14.5026	15	100.002
19.303	15	100.002
31.3021	15	100.002
36.1024	15	100.002
49.7023	15	100.002
52.702	15	100.002
68.9015	15	100.002
73.7015	15	100.002
85.6997	15	100.002
90.4997	15	100.002
106.696	15	100.002
109.698	15	100.002
123.298	15	100.002
128.098	15	100.002
140.097	15	100.002
144.897	15	100.002
147.2	15	100.002
12.2	15	107.002
14.5026	15	107.002
19.303	15	107.002
31.3021	15	107.002
36.1024	15	107.002
49.7023	15	107.002
52.702	15	107.002
68.9015	15	107.002
73.7015	15	107.002
85.6997	15	107.002
90.4997	15	107.002
106.696	15	107.002
109.698	15	107.002
123.298	15	107.002
128.098	15	107.002
140.097	15	107.002
144.897	15	107.002
147.2	15	107.002
12.2	15	110
14.5026	15	110
19.303	15	110
31.3021	15	110
36.1024	15	110
49.7023	15	110
52.702	15	110
68.9015	15	110
73.7015	15	110
85.6997	15	110
90.4997	15	110
106.696	15	110
109.698	15	110
123.298	15	110
128.098	15	110
140.097	15	110
144.897	15	110
147.2	15	110
12.2	15	140.002
14.5026	15	140.002
19.303	15	140.002
31.3021	15	140.002
36.1024	15	140.002
49.7023	15	140.002
52.702	15	140.002
68.9015	15	140.002
73.7015	15	140.002
85.6997	15	140.002
90.4997	15	140.002
106.696	15	140.002
109.698	15	140.002
123.298	15	140.002
128.098	15	140.002
140.097	15	140.002
144.897	15	140.002
147.2	15	140.002
12.2	0	199.5
14.5026	0	199.5
19.303	0	199.5
31.3021	0	199.5
36.1024	0	199.5
49.7023	0	199.5
52.702	0	199.5
68.9015	0	199.5
73.7015	0	199.5
85.6997	0	199.5
90.4997	0	199.5
106.696	0	199.5
109.698	0	199.5
123.298	0	199.5
128.098	0	199.5
140.097	0	199.5
144.897	0	199.5
147.2	0	199.5
12.2	15	199.5
14.5026	15	199.5
19.303	15	199.5
31.3021	15	199.5
36.1024	15	199.5
49.7023	15	199.5
52.702	15	199.5
68.9015	15	199.5
73.7015	15	199.5
85.6997	15	199.5
90.4997	15	199.5
106.696	15	199.5
109.698	15	199.5
123.298	15	199.5
128.098	15	199.5
140.097	15	199.5
144.897	15	199.5
147.2	15	199.5
19.3	18	-200.7
31.3	18	-200.7
19.3	24.2	-200.7
31.3	24.2	-200.7
19.3	18	-42.4
31.3	18	-42.4
19.3	24.2	-42.4
31.3	24.2	-42.4
14.5	18	-42.4
36.1	18	-42.4
14.5	24.2	-42.4
36.1	24.2	-42.4
14.5	18	42.6
19.3004	18	42.6
31.2996	18	42.6
36.1	18	42.6
14.5	24.2	42.6
19.3004	24.2	42.6
31.2996	24.2	42.6
36.1	24.2	42.6
73.7	18	-200.7
85.7	18	-200.7
73.7	24.2	-200.7
85.7	24.2	-200.7
73.7	18	-42.4
85.7	18	-42.4
73.7	24.2	-42.4
85.7	24.2	-42.4
68.9	18	-42.4
90.5	18	-42.4
68.9	24.2	-42.4
90.5	24.2	-42.4
68.9	18	42.6
73.7004	18	42.6
85.6996	18	42.6
90.5	18	42.6
68.9	24.2	42.6
73.7004	24.2	42.6
85.6996	24.2	42.6
90.5	24.2	42.6
128.1	18	-200.7
140.1	18	-200.7
128.1	24.2	-200.7
140.1	24.2	-200.7
128.1	18	-42.4
140.1	18	-42.4
128.1	24.2	-42.4
140.1	24.2	-42.4
123.3	18	-42.4
144.9	18	-42.4
123.3	24.2	-42.4
144.9	24.2	-42.4
123.3	18	42.6
128.1	18	42.6
140.1	18	42.6
144.9	18	42.6
123.3	24.2	42.6
128.1	24.2	42.6
140.1	24.2	42.6
144.9	24.2	42.6
0	15	0
12.2021	15	0
14.5069	15	0
19.3072	15	0
31.3064	15	0
36.1067	15	0
49.7032	15	0
52.7028	15	0
68.9059	15	0
73.7058	15	0
85.7041	15	0
90.5041	15	0
106.695	15	0
109.697	15	0
123.302	15	0
128.102	15	0
140.102	15	0
144.902	15	0
147.198	15	0
159.4	15	0
0	15	30
159.4	15	30
0	0	199.5
159.4	0	199.5
0	15	199.5
159.4	15	199.5
0	15	200.001
12.2021	15	200.001
14.5051	15	200.001
19.3054	15	200.001
31.3046	15	200.001
36.105	15	200.001
49.7018	15	200.001
52.7016	15	200.001
68.9042	15	200.001
73.7042	15	200.001
85.7025	15	200.001
90.5024	15	200.001
106.696	15	200.001
109.698	15	200.001
123.3	15	200.001
128.101	15	200.001
140.1	15	200.001
144.9	15	200.001
147.198	15	200.001
159.4	15	200.001
0	15	209.5
12.2021	15	209.5
14.5051	15	209.5
19.3054	15	209.5
31.3046	15	209.5
36.105	15	209.5
49.7018	15	209.5
52.7016	15	209.5
68.9042	15	209.5
73.7042	15	209.5
85.7025	15	209.5
90.5024	15	209.5
106.696	15	209.5
109.698	15	209.5
123.3	15	209.5
128.101	15	209.5
140.1	15	209.5
144.9	15	209.5
147.198	15	209.5
159.4	15	209.5
0	15	40.005
0	15	42.6022
0	15	50.0091
0	15	53.0065
0	15	100.003
0	15	107.003
0	15	110.002
0	15	140.001
159.4	15	40.005
159.4	15	42.6022
159.4	15	50.0043
159.4	15	53.0051
159.4	15	100.004
159.4	15	107.001
159.4	15	110.001
159.4	15	140
49.7	17	42.6
52.702	17	42.6
68.9012	17	42.6
73.7013	17	42.6
85.6999	17	42.6
90.5	17	42.6
106.699	17	42.6
109.7	17	42.6
49.7	17	50
52.702	17	50
68.9012	17	50
73.7013	17	50
85.6999	17	50
90.5	17	50
106.699	17	50
109.7	17	50
49.7	17	110
52.7008	17	110
68.9045	17	110
73.7043	17	110
85.7023	17	110
90.5021	17	110
106.698	17	110
109.7	17	110
49.7	17	140.001
52.7008	17	140.001
68.9045	17	140.001
73.7043	17	140.001
85.7023	17	140.001
90.5021	17	140.001
106.698	17	140.001
109.7	17	140.001
49.7	17	199.499
52.7008	17	199.499
68.9045	17	199.499
73.7043	17	199.499
85.7023	17	199.499
90.5021	17	199.499
106.698	17	199.499
109.7	17	199.499
49.7	17	200
52.7008	17	200
68.9045	17	200
73.7043	17	200
85.7023	17	200
90.5021	17	200
106.698	17	200
109.7	17	200
49.7	17	209.5
52.7008	17	209.5
68.9045	17	209.5
73.7043	17	209.5
85.7023	17	209.5
90.5021	17	209.5
106.698	17	209.5
109.7	17	209.5
0	17	42.6
12.2026	17	42.6
14.5015	17	42.6
19.3019	17	42.6
31.3011	17	42.6
36.1015	17	42.6
0	17	50.0071
12.2026	17	50.0071
14.5015	17	50.0071
19.3019	17	50.0071
31.3011	17	50.0071
36.1015	17	50.0071
0	17	53.0045
12.2026	17	53.0045
14.5015	17	53.0045
19.3019	17	53.0045
31.3011	17	53.0045
36.1015	17	53.0045
49.7	17	53.0045
0	17	100.003
12.2026	17	100.003
14.5015	17	100.003
19.3019	17	100.003
31.3011	17	100.003
36.1015	17	100.003
49.7	17	100.003
0	17	107.002
12.2026	17	107.002
14.5015	17	107.002
19.3019	17	107.002
31.3011	17	107.002
36.1015	17	107.002
49.7	17	107.002
0	17	110.001
12.2026	17	110.001
14.5015	17	110.001
19.3019	17	110.001
31.3011	17	110.001
36.1015	17	110.001
0	17	140.001
12.2026	17	140.001
14.5015	17	140.001
19.3019	17	140.001
31.3011	17	140.001
36.1015	17	140.001
0	17	199.497
12.2026	17	199.497
14.5015	17	199.497
19.3019	17	199.497
31.3011	17	199.497
36.1015	17	199.497
0	17	199.998
12.2026	17	199.998
14.5015	17	199.998
19.3019	17	199.998
31.3011	17	199.998
36.1015	17	199.998
0	17	209.5
12.2026	17	209.5
14.5015	17	209.5
19.3019	17	209.5
31.3011	17	209.5
36.1015	17	209.5
123.299	17	42.6
128.099	17	42.6
140.098	17	42.6
144.899	17	42.6
147.197	17	42.6
159.4	17	42.6
123.299	17	50.0023
128.099	17	50.0023
140.098	17	50.0023
144.899	17	50.0023
147.197	17	50.0023
159.4	17	50.0023
109.7	17	53.0033
123.299	17	53.0033
128.099	17	53.0033
140.098	17	53.0033
144.899	17	53.0033
147.197	17	53.0033
159.4	17	53.0033
109.7	17	100.003
123.299	17	100.003
128.099	17	100.003
140.098	17	100.003
144.899	17	100.003
147.197	17	100.003
159.4	17	100.003
109.7	17	107.001
123.299	17	107.001
128.099	17	107.001
140.098	17	107.001
144.899	17	107.001
147.197	17	107.001
159.4	17	107.001
123.299	17	110
128.099	17	110
140.098	17	110
144.899	17	110
147.197	17	110
159.4	17	110
123.299	17	140
128.099	17	140
140.098	17	140
144.899	17	140
147.197	17	140
159.4	17	140
123.299	17	199.492
128.099	17	199.492
140.098	17	199.492
144.899	17	199.492
147.197	17	199.492
159.4	17	199.492
123.299	17	199.993
128.099	17	199.993
140.098	17	199.993
144.899	17	199.993
147.197	17	199.993
159.4	17	199.993
123.299	17	209.5
128.099	17	209.5
140.098	17	209.5
144.899	17	209.5
147.197	17	209.5
159.4	17	209.5
0	18.0002	42.6
12.2037	18.0002	42.6
49.7009	18.0002	42.6
52.7008	18.0002	42.6
106.699	18.0002	42.6
109.699	18.0002	42.6
147.196	18.0002	42.6
159.4	18.0002	42.6
0	24.2003	42.6
12.2037	24.2003	42.6
49.7009	24.2003	42.6
52.7008	24.2003	42.6
106.699	24.2003	42.6
109.699	24.2003	42.6
147.196	24.2003	42.6
159.4	24.2003	42.6
0	50.2	42.6
12.2037	50.2	42.6
14.501	50.2	42.6
19.3014	50.2	42.6
31.3009	50.2	42.6
36.1013	50.2	42.6
49.7009	50.2	42.6
52.7008	50.2	42.6
68.9003	50.2	42.6
73.7005	50.2	42.6
85.6995	50.2	42.6
90.4997	50.2	42.6
106.699	50.2	42.6
109.699	50.2	42.6
123.299	50.2	42.6
128.099	50.2	42.6
140.099	50.2	42.6
144.899	50.2	42.6
147.196	50.2	42.6
159.4	50.2	42.6
0	18.0002	50.0047
12.2037	18.0002	50.0047
14.501	18.0002	50.0047
19.3014	18.0002	50.0047
31.3009	18.0002	50.0047
36.1013	18.0002	50.0047
49.7009	18.0002	50.0047
52.7008	18.0002	50.0047
68.9003	18.0002	50.0047
73.7005	18.0002	50.0047
85.6995	18.0002	50.0047
90.4997	18.0002	50.0047
106.699	18.0002	50.0047
109.699	18.0002	50.0047
123.299	18.0002	50.0047
128.099	18.0002	50.0047
140.099	18.0002	50.0047
144.899	18.0002	50.0047
147.196	18.0002	50.0047
159.4	18.0002	50.0047
0	24.2003	50.0047
12.2037	24.2003	50.0047
14.501	24.2003	50.0047
19.3014	24.2003	50.0047
31.3009	24.2003	50.0047
36.1013	24.2003	50.0047
49.7009	24.2003	50.0047
52.7008	24.2003	50.0047
68.9003	24.2003	50.0047
73.7005	24.2003	50.0047
85.6995	24.2003	50.0047
90.4997	24.2003	50.0047
106.699	24.2003	50.0047
109.699	24.2003	50.0047
123.299	24.2003	50.0047
128.099	24.2003	50.0047
140.099	24.2003	50.0047
144.899	24.2003	50.0047
147.196	24.2003	50.0047
159.4	24.2003	50.0047
0	50.2	50.0047
12.2037	50.2	50.0047
14.501	50.2	50.0047
19.3014	50.2	50.0047
31.3009	50.2	50.0047
36.1013	50.2	50.0047
49.7009	50.2	50.0047
52.7008	50.2	50.0047
68.9003	50.2	50.0047
73.7005	50.2	50.0047
85.6995	50.2	50.0047
90.4997	50.2	50.0047
106.699	50.2	50.0047
109.699	50.2	50.0047
123.299	50.2	50.0047
128.099	50.2	50.0047
140.099	50.2	50.0047
144.899	50.2	50.0047
147.196	50.2	50.0047
159.4	50.2	50.0047
52.7008	17	53.0022
68.9003	17	53.0022
73.7005	17	53.0022
85.6995	17	53.0022
90.4997	17	53.0022
106.699	17	53.0022
0	18.0002	53.0022
12.2037	18.0002	53.0022
14.501	18.0002	53.0022
19.3014	18.0002	53.0022
31.3009	18.0002	53.0022
36.1013	18.0002	53.0022
49.7009	18.0002	53.0022
52.7008	18.0002	53.0022
68.9003	18.0002	53.0022
73.7005	18.0002	53.0022
85.6995	18.0002	53.0022
90.4997	18.0002	53.0022
106.699	18.0002	53.0022
109.699	18.0002	53.0022
123.299	18.0002	53.0022
128.099	18.0002	53.0022
140.099	18.0002	53.0022
144.899	18.0002	53.0022
147.196	18.0002	53.0022
159.4	18.0002	53.0022
0	24.2003	53.0022
12.2037	24.2003	53.0022
14.501	24.2003	53.0022
19.3014	24.2003	53.0022
31.3009	24.2003	53.0022
36.1013	24.2003	53.0022
49.7009	24.2003	53.0022
52.7008	24.2003	53.0022
68.9003	24.2003	53.0022
73.7005	24.2003	53.0022
85.6995	24.2003	53.0022
90.4997	24.2003	53.0022
106.699	24.2003	53.0022
109.699	24.2003	53.0022
123.299	24.2003	53.0022
128.099	24.2003	53.0022
140.099	24.2003	53.0022
144.899	24.2003	53.0022
147.196	24.2003	53.0022
159.4	24.2003	53.0022
0	50.2	53.0022
12.2037	50.2	53.0022
14.501	50.2	53.0022
19.3014	50.2	53.0022
31.3009	50.2	53.0022
36.1013	50.2	53.0022
49.7009	50.2	53.0022
52.7008	50.2	53.0022
68.9003	50.2	53.0022
73.7005	50.2	53.0022
85.6995	50.2	53.0022
90.4997	50.2	53.0022
106.699	50.2	53.0022
109.699	50.2	53.0022
123.299	50.2	53.0022
128.099	50.2	53.0022
140.099	50.2	53.0022
144.899	50.2	53.0022
147.196	50.2	53.0022
159.4	50.2	53.0022
52.7008	17	100.003
68.9003	17	100.003
73.7005	17	100.003
85.6995	17	100.003
90.4997	17	100.003
106.699	17	100.003
0	18.0002	100.003
12.2037	18.0002	100.003
14.501	18.0002	100.003
19.3014	18.0002	100.003
31.3009	18.0002	100.003
36.1013	18.0002	100.003
49.7009	18.0002	100.003
52.7008	18.0002	100.003
68.9003	18.0002	100.003
73.7005	18.0002	100.003
85.6995	18.0002	100.003
90.4997	18.0002	100.003
106.699	18.0002	100.003
109.699	18.0002	100.003
123.299	18.0002	100.003
128.099	18.0002	100.003
140.099	18.0002	100.003
144.899	18.0002	100.003
147.196	18.0002	100.003
159.4	18.0002	100.003
0	24.2003	100.003
12.2037	24.2003	100.003
14.501	24.2003	100.003
19.3014	24.2003	100.003
31.3009	24.2003	100.003
36.1013	24.2003	100.003
49.7009	24.2003	100.003
52.7008	24.2003	100.003
68.9003	24.2003	100.003
73.7005	24.2003	100.003
85.6995	24.2003	100.003
90.4997	24.2003	100.003
106.699	24.2003	100.003
109.699	24.2003	100.003
123.299	24.2003	100.003
128.099	24.2003	100.003
140.099	24.2003	100.003
144.899	24.2003	100.003
147.196	24.2003	100.003
159.4	24.2003	100.003
0	50.2	100.003
12.2037	50.2	100.003
14.501	50.2	100.003
19.3014	50.2	100.003
31.3009	50.2	100.003
36.1013	50.2	100.003
49.7009	50.2	100.003
52.7008	50.2	100.003
68.9003	50.2	100.003
73.7005	50.2	100.003
85.6995	50.2	100.003
90.4997	50.2	100.003
106.699	50.2	100.003
109.699	50.2	100.003
123.299	50.2	100.003
128.099	50.2	100.003
140.099	50.2	100.003
144.899	50.2	100.003
147.196	50.2	100.003
159.4	50.2	100.003
52.7008	17	107.001
68.9003	17	107.001
73.7005	17	107.001
85.6995	17	107.001
90.4997	17	107.001
106.699	17	107.001
0	18.0002	107.001
12.2037	18.0002	107.001
14.501	18.0002	107.001
19.3014	18.0002	107.001
31.3009	18.0002	107.001
36.1013	18.0002	107.001
49.7009	18.0002	107.001
52.7008	18.0002	107.001
68.9003	18.0002	107.001
73.7005	18.0002	107.001
85.6995	18.0002	107.001
90.4997	18.0002	107.001
106.699	18.0002	107.001
109.699	18.0002	107.001
123.299	18.0002	107.001
128.099	18.0002	107.001
140.099	18.0002	107.001
144.899	18.0002	107.001
147.196	18.0002	107.001
159.4	18.0002	107.001
0	24.2003	107.001
12.2037	24.2003	107.001
14.501	24.2003	107.001
19.3014	24.2003	107.001
31.3009	24.2003	107.001
36.1013	24.2003	107.001
49.7009	24.2003	107.001
52.7008	24.2003	107.001
68.9003	24.2003	107.001
73.7005	24.2003	107.001
85.6995	24.2003	107.001
90.4997	24.2003	107.001
106.699	24.2003	107.001
109.699	24.2003	107.001
123.299	24.2003	107.001
128.099	24.2003	107.001
140.099	24.2003	107.001
144.899	24.2003	107.001
147.196	24.2003	107.001
159.4	24.2003	107.001
0	50.2	107.001
12.2037	50.2	107.001
14.501	50.2	107.001
19.3014	50.2	107.001
31.3009	50.2	107.001
36.1013	50.2	107.001
49.7009	50.2	107.001
52.7008	50.2	107.001
68.9003	50.2	107.001
73.7005	50.2	107.001
85.6995	50.2	107.001
90.4997	50.2	107.001
106.699	50.2	107.001
109.699	50.2	107.001
123.299	50.2	107.001
128.099	50.2	107.001
140.099	50.2	107.001
144.899	50.2	107.001
147.196	50.2	107.001
159.4	50.2	107.001
0	18.0002	110.001
12.2037	18.0002	110.001
14.501	18.0002	110.001
19.3014	18.0002	110.001
31.3009	18.0002	110.001
36.1013	18.0002	110.001
49.7009	18.0002	110.001
52.7008	18.0002	110.001
68.9003	18.0002	110.001
73.7005	18.0002	110.001
85.6995	18.0002	110.001
90.4997	18.0002	110.001
106.699	18.0002	110.001
109.699	18.0002	110.001
123.299	18.0002	110.001
128.099	18.0002	110.001
140.099	18.0002	110.001
144.899	18.0002	110.001
147.196	18.0002	110.001
159.4	18.0002	110.001
0	24.2003	110.001
12.2037	24.2003	110.001
14.501	24.2003	110.001
19.3014	24.2003	110.001
31.3009	24.2003	110.001
36.1013	24.2003	110.001
49.7009	24.2003	110.001
52.7008	24.2003	110.001
68.9003	24.2003	110.001
73.7005	24.2003	110.001
85.6995	24.2003	110.001
90.4997	24.2003	110.001
106.699	24.2003	110.001
109.699	24.2003	110.001
123.299	24.2003	110.001
128.099	24.2003	110.001
140.099	24.2003	110.001
144.899	24.2003	110.001
147.196	24.2003	110.001
159.4	24.2003	110.001
0	50.2	110.001
12.2037	50.2	110.001
14.501	50.2	110.001
19.3014	50.2	110.001
31.3009	50.2	110.001
36.1013	50.2	110.001
49.7009	50.2	110.001
52.7008	50.2	110.001
68.9003	50.2	110.001
73.7005	50.2	110.001
85.6995	50.2	110.001
90.4997	50.2	110.001
106.699	50.2	110.001
109.699	50.2	110.001
123.299	50.2	110.001
128.099	50.2	110.001
140.099	50.2	110.001
144.899	50.2	110.001
147.196	50.2	110.001
159.4	50.2	110.001
0	18.0002	140.001
12.2037	18.0002	140.001
14.501	18.0002	140.001
19.3014	18.0002	140.001
31.3009	18.0002	140.001
36.1013	18.0002	140.001
49.7009	18.0002	140.001
52.7008	18.0002	140.001
68.9003	18.0002	140.001
73.7005	18.0002	140.001
85.6995	18.0002	140.001
90.4997	18.0002	140.001
106.699	18.0002	140.001
109.699	18.0002	140.001
123.299	18.0002	140.001
128.099	18.0002	140.001
140.099	18.0002	140.001
144.899	18.0002	140.001
147.196	18.0002	140.001
159.4	18.0002	140.001
0	24.2003	140.001
12.2037	24.2003	140.001
14.501	24.2003	140.001
19.3014	24.2003	140.001
31.3009	24.2003	140.001
36.1013	24.2003	140.001
49.7009	24.2003	140.001
52.7008	24.2003	140.001
68.9003	24.2003	140.001
73.7005	24.2003	140.001
85.6995	24.2003	140.001
90.4997	24.2003	140.001
106.699	24.2003	140.001
109.699	24.2003	140.001
123.299	24.2003	140.001
128.099	24.2003	140.001
140.099	24.2003	140.001
144.899	24.2003	140.001
147.196	24.2003	140.001
159.4	24.2003	140.001
0	50.2	140.001
12.2037	50.2	140.001
14.501	50.2	140.001
19.3014	50.2	140.001
31.3009	50.2	140.001
36.1013	50.2	140.001
49.7009	50.2	140.001
52.7008	50.2	140.001
68.9003	50.2	140.001
73.7005	50.2	140.001
85.6995	50.2	140.001
90.4997	50.2	140.001
106.699	50.2	140.001
109.699	50.2	140.001
123.299	50.2	140.001
128.099	50.2	140.001
140.099	50.2	140.001
144.899	50.2	140.001
147.196	50.2	140.001
159.4	50.2	140.001
0	18.0002	199.494
12.2037	18.0002	199.494
14.501	18.0002	199.494
19.3014	18.0002	199.494
31.3009	18.0002	199.494
36.1013	18.0002	199.494
49.7009	18.0002	199.494
52.7008	18.0002	199.494
68.9003	18.0002	199.494
73.7005	18.0002	199.494
85.6995	18.0002	199.494
90.4997	18.0002	199.494
106.699	18.0002	199.494
109.699	18.0002	199.494
123.299	18.0002	199.494
128.099	18.0002	199.494
140.099	18.0002	199.494
144.899	18.0002	199.494
147.196	18.0002	199.494
159.4	18.0002	199.494
0	24.2003	199.494
12.2037	24.2003	199.494
14.501	24.2003	199.494
19.3014	24.2003	199.494
31.3009	24.2003	199.494
36.1013	24.2003	199.494
49.7009	24.2003	199.494
52.7008	24.2003	199.494
68.9003	24.2003	199.494
73.7005	24.2003	199.494
85.6995	24.2003	199.494
90.4997	24.2003	199.494
106.699	24.2003	199.494
109.699	24.2003	199.494
123.299	24.2003	199.494
128.099	24.2003	199.494
140.099	24.2003	199.494
144.899	24.2003	199.494
147.196	24.2003	199.494
159.4	24.2003	199.494
0	50.2	199.494
12.2037	50.2	199.494
14.501	50.2	199.494
19.3014	50.2	199.494
31.3009	50.2	199.494
36.1013	50.2	199.494
49.7009	50.2	199.494
52.7008	50.2	199.494
68.9003	50.2	199.494
73.7005	50.2	199.494
85.6995	50.2	199.494
90.4997	50.2	199.494
106.699	50.2	199.494
109.699	50.2	199.494
123.299	50.2	199.494
128.099	50.2	199.494
140.099	50.2	199.494
144.899	50.2	199.494
147.196	50.2	199.494
159.4	50.2	199.494
0	18.0002	199.996
12.2037	18.0002	199.996
14.501	18.0002	199.996
19.3014	18.0002	199.996
31.3009	18.0002	199.996
36.1013	18.0002	199.996
49.7009	18.0002	199.996
52.7008	18.0002	199.996
68.9003	18.0002	199.996
73.7005	18.0002	199.996
85.6995	18.0002	199.996
90.4997	18.0002	199.996
106.699	18.0002	199.996
109.699	18.0002	199.996
123.299	18.0002	199.996
128.099	18.0002	199.996
140.099	18.0002	199.996
144.899	18.0002	199.996
147.196	18.0002	199.996
159.4	18.0002	199.996
0	24.2003	199.996
12.2037	24.2003	199.996
14.501	24.2003	199.996
19.3014	24.2003	199.996
31.3009	24.2003	199.996
36.1013	24.2003	199.996
49.7009	24.2003	199.996
52.7008	24.2003	199.996
68.9003	24.2003	199.996
73.7005	24.2003	199.996
85.6995	24.2003	199.996
90.4997	24.2003	199.996
106.699	24.2003	199.996
109.699	24.2003	199.996
123.299	24.2003	199.996
128.099	24.2003	199.996
140.099	24.2003	199.996
144.899	24.2003	199.996
147.196	24.2003	199.996
159.4	24.2003	199.996
0	50.2	199.996
12.2037	50.2	199.996
14.501	50.2	199.996
19.3014	50.2	199.996
31.3009	50.2	199.996
36.1013	50.2	199.996
49.7009	50.2	199.996
52.7008	50.2	199.996
68.9003	50.2	199.996
73.7005	50.2	199.996
85.6995	50.2	199.996
90.4997	50.2	199.996
106.699	50.2	199.996
109.699	50.2	199.996
123.299	50.2	199.996
128.099	50.2	199.996
140.099	50.2	199.996
144.899	50.2	199.996
147.196	50.2	199.996
159.4	50.2	199.996
0	18.0002	209.5
12.2037	18.0002	209.5
14.501	18.0002	209.5
19.3014	18.0002	209.5
31.3009	18.0002	209.5
36.1013	18.0002	209.5
49.7009	18.0002	209.5
52.7008	18.0002	209.5
68.9003	18.0002	209.5
73.7005	18.0002	209.5
85.6995	18.0002	209.5
90.4997	18.0002	209.5
106.699	18.0002	209.5
109.699	18.0002	209.5
123.299	18.0002	209.5
128.099	18.0002	209.5
140.099	18.0002	209.5
144.899	18.0002	209.5
147.196	18.0002	209.5
159.4	18.0002	209.5
0	24.2003	209.5
12.2037	24.2003	209.5
14.501	24.2003	209.5
19.3014	24.2003	209.5
31.3009	24.2003	209.5
36.1013	24.2003	209.5
49.7009	24.2003	209.5
52.7008	24.2003	209.5
68.9003	24.2003	209.5
73.7005	24.2003	209.5
85.6995	24.2003	209.5
90.4997	24.2003	209.5
106.699	24.2003	209.5
109.699	24.2003	209.5
123.299	24.2003	209.5
128.099	24.2003	209.5
140.099	24.2003	209.5
144.899	24.2003	209.5
147.196	24.2003	209.5
159.4	24.2003	209.5
0	50.2	209.5
12.2037	50.2	209.5
14.501	50.2	209.5
19.3014	50.2	209.5
31.3009	50.2	209.5
36.1013	50.2	209.5
49.7009	50.2	209.5
52.7008	50.2	209.5
68.9003	50.2	209.5
73.7005	50.2	209.5
85.6995	50.2	209.5
90.4997	50.2	209.5
106.699	50.2	209.5
109.699	50.2	209.5
123.299	50.2	209.5
128.099	50.2	209.5
140.099	50.2	209.5
144.899	50.2	209.5
147.196	50.2	209.5
159.4	50.2	209.5